-3119
2241
2284
-6963
4074
-1961
-4575
-2994
-3493
-1717
6010
-164
6056
4485
5894
-7033
5001
-1342
-2083
-7274
-6605
5771
-2225
-1151
2618
3987
-6353
5318
5974
2595
2278
5585
1037
5309
7675
2104
3127
3685
-4637
-1591
-4547
4578
1471
4249
-5692
6765
-6429
-7768
-253
-3097
5671
-6227
6838
7350
4503
-4885
-1316
2772
-1962
5758
3198
-5761
-2273
-551
-722
-1338
1079
-1093
-5101
318
-1678
-655
-2708
5049
-5247
7034
3642
7329
5329
7214
-6685
-1676
1190
1393
-1942
2729
-672
4775
904
-217
-5436
2985
1321
7029
7939
7850
-2771
1997
1629
-74
-4869
6613
7183
6431
7497
-5533
-7453
2611
7856
6164
-3182
-4169
7207
-456
1385
-6805
-2753
4511
-6500
6136
-4010
-7478
-2868
-2832
-2619
-39
1749
7500
5368
-4292
2053
-4330
-4249
6283
2671
-3117
-4860
1390
1716
-6612
5613
-173
-653
2145
1342
-1835
2974
-2275
2400
-7491
2425
-5568
-7706
7263
3234
4309
444
-179
5374
-4686
1518
-1040
-7927
7418
7278
-570
6456
-3513
1841
-4578
-2556
-3465
2405
-2035
6311
7966
-4446
-4032
983
-6624
5198
-4630
7465
7488
2726
-1827
-4468
-6004
5419
4867
-6895
-4591
7324
-3672
-7501
-7390
7481
6286
2096
-3845
383
-7587
1310
7794
-7885
4939
-5597
-4485
7457
6420
-5820
-4842
-2542
-5636
-270
-650
-3391
7235
841
-3931
2851
2766
-439
5750
-5341
-843
-5721
-4325
3066
-504
-4435
6493
2966
7504
-1435
-6788
-5129
-7133
2661
3654
-3356
6436
-4064
6386
2881
7146
-1333
-5778
234
6071
7658
7141
3039
7984
2226
-1977
5194
5213
3494
4380
-2251
-4471
7925
-1349
5812
-1812
5373
2442
6486
4133
5002
-2316
2623
6041
-2511
-6968
-7394
4331
6172
6931
2701
-2001
-7680
-2907
-3200
2434
-2652
-866
-5586
1910
-3590
5294
-5500
-3618
3189
-3470
216
6805
3962
-3838
-3486
3182
-3841
7438
1108
-3633
404
-5878
-4681
2832
6096
1246
2541
-2858
1368
6656
1722
-1842
5756
1209
-809
-3126
5508
-6343
-4319
-5367
5498
-3265
7456
-307
642
575
-5750
-3279
3112
6219
-6105
1007
-6220
-7897
5474
-513
3416
-7353
2374
-921
6400
1720
-6463
3866
4098
7792
-7673
-6812
-5337
7731
-6581
7546
-6123
2871
5025
2711
-2011
2372
2673
-269
-777
-490
7422
-2623
-3184
735
962
-6270
4304
6680
6110
-528
5183
-4195
3359
-917
5433
2852
6511
6861
1113
-7415
3315
-2997
-2400
2800
-114
-4428
-5127
-4574
-2474
5959
-6028
2577
3614
-1462
-6868
-2448
-66
-6308
3524
-7744
1525
-4894
-4989
-3372
654
-855
-6486
3124
-4406
-3301
-6445
6269
-2343
-7231
-454
-4826
1837
-6689
2521
5802
-6013
-3919
3269
1382
4840
-3411
3011
-7551
-5555
6542
-599
2345
-1640
-4460
-165
-1854
7245
-3287
3107
-3293
-4453
-536
-2983
-4431
-7214
-552
2350
-7608
3658
-6306
-3974
3326
2811
4637
2809
708
2584
3350
5589
-7965
-1021
4746
7946
4743
-2694
-6073
-4440
-1440
-7783
2951
7334
-5604
-936
148
-6322
3385
-6575
-2365
-6461
-912
1063
7259
-6347
-4348
-5936
3718
-2293
-4947
6463
-4240
6564
-4438
-6886
4881
-5438
-505
-5036
3520
-4990
-4476
-6982
1755
-2541
3436
1696
-6601
-7402
-6441
325
-3345
4274
-4774
-3083
-2144
2286
4661
6348
-4621
5273
1143
6491
-1266
-6534
3519
120
-5320
-3059
-7693
6683
35
-630
-2849
6004
7073
-2807
-6768
-5091
3257
-4072
294
-6810
7803
1419
-7938
-5206
-2872
7484
-2665
-47
3612
3484
2547
-5757
7887
5597
5081
-7342
-5178
5315
-5278
-3307
-219
-2420
3052
-6683
-4346
7452
-4791
-7264
1097
-1170
5047
-6485
3827
1601
4969
-1454
-1607
7689
1877
2650
-4915
1574
-7397
-6593
-2869
3083
3664
1413
-4215
-6679
-7650
-1627
-4247
-4679
-2195
-7257
6832
-3659
6382
3666
-4938
-4144
7810
5937
1123
1300
-2247
-7537
3693
3749
547
-1144
6011
1150
1392
-6973
-3916
-2763
-2241
871
5349
700
3352
-4832
-6606
2972
-5361
-3478
-5339
341
-4888
-872
4270
-7277
5108
-5197
-4081
-7747
1851
3408
6783
-1275
-1632
-550
-5273
-3112
-4815
5011
-7226
7213
-2612
5724
-2596
4171
6717
-6258
-3388
4337
4663
-524
7058
2092
-7365
-2835
493
-4794
2669
6242
-555
-1406
4193
-177
3040
3983
6394
-7854
2170
-1957
-5471
5402
-3024
-4496
7023
-5745
-1306
7638
4987
-6135
-2766
5505
-5368
1770
3765
7106
1353
1642
2510
-973
-6983
-7898
703
-5074
2935
5314
-3758
3717
4875
1019
-3701
6165
-7134
857
3745
1233
-3813
6104
273
3770
3532
-4896
-6110
-7617
211
-2467
1163
7359
-4451
-7803
2089
-750
-4281
1272
-2013
-4638
7204
3203
-4958
-4999
-7883
-7600
-6547
5355
-6259
3002
-6634
-5145
1818
3943
4091
-7368
-2396
1378
3489
-766
-1580
6009
-5645
-5790
2224
339
1784
2727
6160
5423
6225
4618
-5209
-7755
-7510
-7251
-4412
-820
-1689
-704
-2603
-5000
3783
1611
-7611
-7229
1213
5354
2358
-4368
3169
2819
6279
1987
-2384
-3162
-746
4139
5587
2348
595
-5862
4797
-4115
408
-5297
1802
3690
-1291
-2834
-1863
-576
1276
-1213
152
-3776
2776
7793
3708
1814
4905
-3702
6027
-5285
260
5972
297
-4730
3098
4020
-2496
-6279
-1819
6115
-2406
7743
3643
-5208
-4809
7511
3778
2432
-3420
-3869
-7711
-2791
-7782
3368
-6170
-2607
-5103
-7804
6068
-3548
4822
3561
2636
-2113
384
-3177
90
-3993
-5276
-5234
3472
-2479
-6092
-2535
6076
2659
-5460
2762
2771
3454
-3859
4290
-2238
3473
-7237
7659
5644
-3336
-2649
-7188
5696
5516
7721
-2808
7575
-5090
2756
-6132
634
-147
-3923
-3716
-6936
4263
-7707
-2806
3231
-7416
6438
4490
-7206
-5768
-6021
4853
3347
-2029
1294
-7442
-4568
1207
-1491
-6705
6338
6827
2625
-2813
-159
3958
4712
1847
6642
-1043
3353
-4600
-58
-7221
5859
882
-4725
-3495
-37
5568
-2071
-3942
5338
-405
2054
2743
2804
5640
4575
-6210
1090
-61
720
6138
-257
-274
-7691
2274
6421
-3281
6088
5254
-7528
6705
-7793
1212
-6065
-6471
-6672
1278
-2123
-500
5164
2816
1247
-6262
2012
-3542
7734
-6222
3275
6729
-3392
-1596
-6878
5418
405
628
5040
7005
6044
-1938
108
5416
-3959
-1594
7996
5743
224
-6532
6184
-4665
2043
7267
5733
2179
-2920
6229
-814
6302
54
258
81
1060
-7280
412
-6102
7332
-6369
2522
664
-4080
-291
556
5360
7331
2876
-3842
-4180
-4625
-6045
7554
-1320
-1390
3067
-5421
-443
-7742
-719
-450
-7472
1849
6458
6723
3578
3081
7446
-738
3167
1833
2667
-1575
3916
1304
6018
6183
7131
2901
-3413
3921
1758
-1066
-3137
-279
-6183
489
474
3201
3863
-6919
-3754
3316
-2473
3433
3841
658
5672
1996
660
7773
-185
-4162
6856
518
5258
5774
-7506
-3107
5162
-144
5777
-6323
2201
-1410
2004
-7994
6053
-1396
1656
6484
3597
-7324
-4185
7414
1682
-6809
3254
4064
-3322
7839
2732
722
-955
5186
6888
4030
3592
4591
-4421
717
-7239
2289
-2587
2002
-4367
5697
984
7819
1723
-947
7975
4348
-2039
-861
6586
-4303
-5887
3738
-7103
-5763
-1353
507
-6961
-5924
786
933
-49
-4384
-1272
-1514
7153
6409
-5163
-5643
-5481
4609
3213
5176
7279
-1605
-1219
2392
-4959
4579
-908
-344
-7619
4427
-2697
3238
-7527
-3047
-3595
972
6455
-7281
-5016
-5010
-5028
63
-1886
-6530
7579
7962
2044
-5259
-5201
-2055
4047
241
-6848
-6397
177
-5715
-7778
-875
4420
-845
-6667
3712
511
1998
-4577
6451
7195
-5002
-2667
-5052
-5380
372
6732
1980
3096
-4359
5681
-5396
-7712
1797
4620
4472
922
-1314
725
-6448
1902
7309
7588
4714
2158
-4631
4956
2437
-7996
-4916
-5107
6361
-6289
4877
6397
-1107
3772
127
4914
-4188
-2943
-325
-6194
-4548
1401
-1080
775
-5069
-2425
5789
3796
-4871
842
2884
4526
2101
5060
-4005
-4726
-7466
-769
1319
-7656
-806
1181
7740
-6095
1137
-4373
-5954
-6413
4753
-4750
7087
5569
-626
-2109
-4966
6980
5339
-2499
3679
-3802
-431
275
4506
-2379
6971
4112
-7762
-4877
-6903
-2208
5369
-7486
3756
-2170
1949
-5130
2866
6514
1571
828
-6934
-6049
6725
-1357
7690
-1172
-2472
-4345
-1407
2919
-7241
6628
-6130
-2736
-3674
7535
2100
5875
-4582
1409
-309
-2294
6288
3101
-4968
-7991
-488
-6032
-3818
-2359
974
3328
6879
-4593
-7930
-4919
6855
6015
4515
99
5698
-5430
6125
-4551
-7641
-153
200
-5945
-4526
-1158
-6142
5654
6112
-2529
314
-1476
4450
2896
-3943
-1715
7138
-7836
6936
1249
3050
3682
5143
-3840
-3000
7128
1343
-4694
4297
-5881
-6003
6224
1536
1252
-5077
-5061
-4675
4273
6541
-5354
-5216
2081
-68
4740
2307
-1941
6087
1201
4386
-3577
6040
-898
5417
-1159
-5827
-3050
5147
-5400
5900
-2512
5227
-3850
-6815
5558
1598
2287
-4394
26
2480
5857
4983
2616
1267
2125
-2695
1230
-1259
7963
-5559
6812
-7979
190
1478
-85
5031
-5671
4361
-100
2106
7559
-6291
-7810
4524
-519
-5176
-4311
7929
2814
2244
-2084
830
-2306
2857
6536
-4970
7636
6722
-3897
3766
5393
-865
-3977
-1797
6285
348
-7030
7393
-1243
6106
-4788
-3738
6508
-6001
-5987
1594
-3552
4243
-2685
5699
-3489
2603
5695
-3572
-3865
6037
2459
-7514
-6482
-1673
4838
4715
-675
2802
-368
4739
-2174
-2883
4458
2301
-5183
-6139
-7646
3509
4752
-7607
-4189
541
1118
5365
-561
6685
-5584
2103
-1290
728
-802
2320
-1069
-7690
2874
-1212
-3565
1341
7902
7766
-150
1159
-2287
-720
-3354
4163
-3683
-6438
1180
-6434
2205
-7795
-1955
213
-6287
5909
480
-4981
-3469
1823
-609
4296
293
-2284
-679
4466
-7914
-727
-3409
4036
7151
6898
-1879
7881
4042
5755
-2586
4566
4482
3221
149
-6344
6413
5729
1152
4536
-30
-6379
7593
648
1979
-5290
1024
2820
1561
7210
-1795
5269
-3835
1327
5397
-3072
-1367
-7398
7735
-3260
2696
-494
6405
-121
-1880
-1944
-294
6462
-1949
7802
3655
1338
-4237
-4077
-6180
4384
-6787
1628
-3178
4209
4082
2999
6300
-4023
-6064
1322
7620
-2725
-6442
-3823
-5737
1412
-5554
-2274
-6202
-5941
2786
4276
4088
6506
3069
-3142
7653
7738
-4680
5463
-6988
7310
-7585
6062
2494
-818
-6987
4678
-2437
7063
-556
6904
6267
397
-5055
7822
2779
-5516
-1991
884
1883
284
-1709
3161
-3713
6084
-1208
-3106
-395
7813
-4166
-3185
-5784
-590
-3034
1904
-6543
7021
1717
2271
-3679
-258
-5690
4409
-3316
-3547
-7165
-5919
-136
-4225
7088
-45
5734
-56
-4499
5470
966
-7246
7936
2026
-5331
576
6789
2506
-3295
-3729
-6828
2738
6167
-1623
-2003
-2250
-517
-7155
-476
6016
-6545
-241
5205
2684
-4122
-7578
7192
5492
6574
5020
855
-5487
-3739
833
7268
-6174
770
-3651
-3241
-2585
6418
2567
7464
3918
4156
-3825
5871
-5957
1821
5390
-6281
5322
604
4416
-2774
2641
2032
4248
7176
7288
-4707
-7384
4415
2265
7544
-2662
-4057
445
-2553
-7631
-1532
-1262
-3541
6329
2138
-811
-7580
7239
-4603
-4477
-7247
3280
-4696
2565
4565
-7572
-7948
7551
-3958
-6143
-5021
1872
-6962
626
6247
1426
-7115
6562
-3961
-7346
-4943
-5070
-1007
-3494
-3922
4475
1932
1087
5345
5496
5008
-4158
-1373
-6192
2621
-1457
5504
6529
-3283
-7571
-3101
-3689
613
-1160
-7535
-3567
3773
-2335
-3648
2424
6714
2489
6492
5889
-3680
-4071
6899
886
2079
2254
7162
-2212
1451
-7020
-4047
5905
-4836
7345
4103
7184
-5054
6123
2648
-2196
4598
-2077
-1395
1503
-871
-4051
6515
-3309
5174
-4770
3504
4441
4048
-4735
1744
-740
853
-2390
-1332
897
2678
1488
-6944
-724
-389
2234
-3684
5537
6305
6427
7163
-4714
-2762
6241
1933
-1752
-4082
2477
1955
4026
2677
-7679
1972
3384
4960
-3996
-275
-1727
7788
5182
5462
2862
6592
-5308
7517
7160
-4126
1888
-2114
-3617
6930
7796
-1617
-3435
6158
4256
1665
4471
4251
2537
4425
6728
-5343
3737
-6424
7608
6017
-3081
4716
-7106
2600
51
2436
6884
-6954
3390
548
-7958
-5855
-1597
1681
-5419
6872
-391
1533
-3952
2748
1130
-6896
4015
-6346
1244
7948
-6000
-4420
2920
-6294
-2558
-907
4991
2571
-6268
-1844
5635
-4748
-1616
-5792
-3339
737
6204
-6966
5089
4872
-725
-3545
2050
388
-5968
5667
-2385
1034
6391
7959
-2844
7779
1475
-6541
3798
4444
-3602
1211
-2203
-1670
7284
1615
1990
3580
5870
5842
3035
4413
-5733
2517
4207
-7016
6099
4552
267
3895
4543
641
7994
-5738
3314
612
7893
7508
4729
-3920
-4824
5243
1610
3303
3424
6314
6701
6821
-4700
2047
1911
-7296
1510
5573
-3303
3651
-4511
-2296
4407
1149
6284
1208
-4890
4148
4212
-839
-1164
3136
-6513
-3694
-6101
-422
7569
7641
6755
7089
7621
-378
-1832
-5465
5094
-7447
5331
3058
-7171
-2773
4021
-170
-1803
-3532
5196
-7837
7351
5778
539
5731
-3153
-6348
-440
-4952
-5976
3623
3176
-463
-6727
-6752
-1498
7009
6804
4695
3351
-5469
-5972
771
3965
5879
6038
1707
-7954
-4255
5600
4168
-1876
-3386
4188
-4713
-3133
425
-3771
4848
958
-364
2264
-2427
-4530
2394
-5100
-6121
5061
5735
-850
4988
-2845
7618
-1344
-3629
-1464
6886
-5288
-3259
2723
-2117
5981
-6671
-4026
5985
5792
-2037
-2938
-5294
681
-3512
-2951
4584
2045
-5097
-4069
4470
-1687
4151
-2278
6227
1306
6521
1075
-201
4058
6468
7785
-7224
939
-7917
3776
3660
-2823
3084
6776
7308
4202
831
6638
6206
-1437
7482
1588
-4461
5694
6912
197
-5557
4434
-1552
2046
2797
1669
6527
126
-1428
1963
2998
1083
-2301
-1082
7767
-1660
7336
4486
5618
-7263
-4876
-1527
-6553
7316
-3549
-6650
-59
1907
-770
-7601
-6464
-2410
-2502
5527
6933
-4955
6906
4363
5487
4625
-3187
-4408
5075
-2876
-6656
937
-1111
-6766
3721
3933
3969
7251
1774
1920
7755
-7935
-2628
-1438
685
6756
4154
-2917
7617
-7069
4429
-2518
3258
7463
-3649
-3123
-4229
2965
5679
1351
6939
-2439
7759
-4138
-3165
1570
-3643
-4839
-4125
-7050
1630
394
-3108
-5662
2298
-4843
2386
-825
752
173
-6034
-4793
-4405
-1802
7377
4090
-244
2227
868
7476
5944
49
7928
7385
-3378
3824
-7045
-5402
2333
-7499
-2657
-3268
-5041
-606
4722
-1833
73
6029
-1674
4728
-442
5925
3149
6437
-690
-4720
889
-7173
5559
-700
-1546
-4130
-6432
-5053
3138
7171
-4941
2389
2606
-585
-4622
782
3019
3253
946
7365
-616
-3035
-6953
-7737
6962
-6641
-1926
2042
-7410
-793
-5242
6194
-1564
3586
-7191
-1773
4023
158
3949
5898
-2155
4539
-3319
-567
5773
-5746
456
-1973
3879
-2276
-487
-6134
7077
3447
-466
-5680
-3479
-5918
6742
3025
3680
-508
-858
-4732
-2168
-4119
-4479
3811
-6942
5141
3268
1563
-4389
-6037
7116
-3255
-6317
-7436
5091
7066
-6382
-7989
-1634
-1600
2867
-6742
-1719
-4583
-6927
-7218
2647
-841
382
-6708
3585
7491
-3587
231
1778
1462
3530
-5253
7113
4079
-6425
5494
992
-6090
-5062
-7750
3800
5093
-5296
-6023
-7180
-7632
957
-1131
3896
-4228
371
-3641
2574
-315
-3917
-592
2926
3111
5532
-319
-6257
-1642
-3971
1446
3008
834
6920
980
3955
6487
6390
5833
-5523
-6423
7179
1613
915
-1422
-5050
-1226
2540
-256
375
6430
6389
-3637
3929
7529
2461
1705
-7963
-1217
-6857
-3833
-3697
-4321
-3160
-6277
6658
-5432
5204
3497
6998
4234
7107
6544
-1496
-5493
-7892
4265
-4136
4244
2827
1196
-3457
-1840
-7961
5098
2872
-6221
4937
167
-7993
-7118
-5894
-6234
3609
-5912
-2814
5476
7627
6307
-3882
-2234
2967
-2353
-5213
-1415
83
3618
-2129
3872
1855
-4006
5810
-6678
894
-4044
3861
3072
822
-2279
-7071
2015
343
-5844
3461
-5532
1135
2490
-7396
-8000
-1327
5017
-4220
-6087
6480
7637
-660
-361
4235
-1097
3627
5344
-6560
7292
-1753
472
-7866
-3910
2362
5848
3361
6533
-6947
-2850
-4973
-6707
-703
-5443
6836
-2061
2663
1101
75
-5136
4115
4861
-2500
-5859
4039
-3211
1157
-4437
-6057
4247
4006
-983
-482
4690
-6009
2471
-4789
-7086
1788
-3280
192
-3415
-203
-1057
-3504
5261
4135
1008
2448
-4418
-1065
-6778
-2886
-4156
-2059
3140
6726
-4757
3292
-503
3365
-7139
5343
370
-2217
-885
5245
5342
4724
-3574
-6995
6604
1072
7601
-23
4787
5079
-4151
-6702
-1231
3371
85
-5925
-4554
6512
-4988
5814
-5407
-883
-4192
3626
5614
4127
154
2995
-7317
-4883
-4906
-2756
-6658
-1550
-5186
-1218
-18
-1362
4635
7198
-350
-5927
106
6923
5715
-959
-5348
-5442
3255
7372
-7382
-5965
-4268
4920
6393
5163
4496
6337
-4078
7175
2605
-6611
-991
-19
-4646
-7146
5389
-2984
-1737
268
-3449
-1650
6964
-4806
3079
-7021
2502
-4150
3512
4713
-6492
7202
3902
-396
-2110
-3915
2367
6709
6216
5641
1508
4404
3816
-6376
7147
5712
-4459
5072
-742
-5863
495
-5650
-1547
-1685
-3450
-6094
4186
-2216
1313
-4296
-7282
161
-6284
5868
-7477
3993
4842
3263
-2007
2702
-6900
-3353
-6806
-7031
-4184
2343
5903
-5834
3411
713
-5365
473
7478
6645
7031
4622
-986
-5875
776
5386
269
6839
-7661
-2004
7760
-6040
-5714
3236
-4905
832
-2142
-105
-3527
65
5740
1107
-6531
-4004
-4291
-7560
223
7977
2501
7823
5705
180
-1293
3694
4644
-5899
-4961
-5948
7103
-6870
-5237
5998
4259
74
-2673
1639
7024
3298
-6760
4685
-4853
4944
-671
7678
1792
-734
2933
-7386
-1189
-6939
-5151
-533
-6959
-5280
573
-993
6013
-6437
-7819
-501
2654
-1361
7646
-331
6978
-2020
4737
-6326
-6986
-3419
3180
-5275
-6811
3696
-2442
6540
759
3995
1760
-1171
7051
-2537
5701
-130
2948
622
-6076
2976
3710
-5983
4
6795
-6949
-804
-6364
5837
3525
-2452
-5449
-4202
-5772
-7199
-6384
6676
7306
-3103
5495
4878
5983
2240
-2503
4588
-2555
1078
3775
4096
-7875
5935
3151
5137
5272
-3377
7412
439
6032
-3712
-5727
4813
5817
1689
1016
2381
-1173
7473
2984
7181
-2107
-4868
3774
-5494
7233
-4129
-5764
3212
7121
2818
2761
6191
578
-4891
5179
4491
-3056
5973
5484
1308
7989
1333
-5902
279
2529
-6282
2255
6273
129
7375
4372
3282
899
7186
1482
7945
6814
-5641
-6249
-1533
-6838
52
-3483
-951
1082
2979
1232
-1875
6654
7394
5579
-1381
-1849
-4949
2470
3579
-5652
-4844
-4333
2133
2261
-186
1913
5347
-131
4559
3036
6208
-6860
-2751
4896
-5160
-4764
-4232
-251
-3681
6403
5398
2791
-3277
-5681
-1188
1388
5760
-2005
5964
-7694
4233
-715
-3367
-2801
6007
-3374
2503
881
-7011
-2383
-5776
7971
-3327
-436
1529
-4208
-2570
4170
-205
3536
6116
4085
2911
3569
2515
5472
-7977
2939
5057
-2022
3510
-685
545
3090
-3986
-2483
2916
-2784
-767
37
-4692
4921
7720
-602
2484
-7903
1908
3893
1676
-1500
-1708
4780
8
2905
-1544
-3421
206
-1861
-713
-5530
7990
4762
-5484
-7412
338
1170
4205
-6012
618
1504
-302
5248
3959
2554
-3446
-462
3016
-7127
470
-2357
2378
2941
-7990
-6751
2710
4973
5926
6465
4187
-7058
-5703
561
6517
729
110
1224
5236
-1068
7185
-380
2596
-1948
-1951
4687
6833
3147
-7207
2765
7691
3751
6143
-4328
4605
699
-7983
5181
-2589
-4908
4344
-5205
-3140
-1378
-4356
-6204
6597
-783
-7222
-2560
7873
6260
3867
4998
5095
7807
691
5134
3049
-3159
-6449
3015
-2289
4426
3313
-5332
4834
5890
-752
-3578
-6088
-5804
-665
-2913
3604
851
-7663
-7847
-5429
-4901
5840
-3193
-1124
5884
4161
7271
-7147
-10
6648
2169
-7414
-7479
-5886
-743
5955
-7245
3931
-922
-4127
4257
3865
3677
-4570
-5572
5078
3229
5940
1423
-2504
-3463
2160
2767
-2375
7791
2992
1627
1912
4919
1071
2960
4659
-2112
1106
-2058
-4049
519
-1934
-26
-6031
4779
7098
-5536
-2149
6647
3599
3641
1485
-4360
6754
498
-3700
-673
328
2
-4695
6769
-3296
2758
-3576
-6595
-4098
71
6977
-7321
1965
816
7854
-1037
1654
-6816
-652
-2159
530
7083
-7677
-1971
-1184
1336
-5542
2720
-4874
502
-43
-4652
-5540
-2720
6277
-3313
-2438
-3980
-1101
6770
-7519
-6394
349
-4103
-6718
-5520
7974
7757
6607
3288
-1970
7503
6353
105
-5589
-949
-7620
-7988
2215
6352
-7361
2635
-6800
653
6965
2326
-2755
-3747
2379
-1520
-4469
5024
-2508
5683
-5040
2927
6097
-3044
1683
-3124
6801
4902
-22
6414
7632
-2707
-1661
6303
-2565
-5171
3115
7614
-3084
-5991
-4979
-2527
-819
487
-1155
-6507
1226
-3230
23
4755
5938
2369
6823
3205
396
2980
3763
-6817
4683
6094
2715
-1609
6545
2060
6020
-4610
-323
3522
-3997
7739
-7855
-5017
-3249
1399
1460
1900
6915
-6610
2929
-4201
-7192
-4613
-5193
4053
6857
1621
-4449
2612
-682
7269
921
-3006
4206
-2745
-1240
-7910
7722
-4940
3444
676
-5323
3422
-3362
-1828
347
-4270
1756
-418
376
1693
-2268
-3965
-4429
5977
-5615
3523
2438
124
6221
1312
-1022
-2902
-4104
-1084
5409
6843
932
36
7817
-6980
-7437
-2731
2018
2184
1903
4182
6156
-3481
6089
716
-1427
5096
3344
-3752
-3519
-4148
-7613
-6159
-3676
2566
-4698
-6856
2452
-2874
125
6747
-4796
-2325
1394
-5191
-6406
800
7967
5686
1799
3915
4333
-1808
6907
-2946
-1711
6794
-1339
-1921
7256
5058
-1501
-1905
319
6271
7863
7706
-1871
1449
-4398
-3743
-3251
1048
1381
5824
1269
-604
4608
-3585
-3601
-213
-163
5906
5540
1427
1450
2968
422
2909
4455
-3484
2769
-2954
2633
-6133
6522
-5472
538
-1483
-6161
-1771
3979
-3019
6129
7631
1718
2604
6003
-4344
2463
346
3506
7340
631
5754
-4298
-445
3449
5807
1466
5522
7386
-7546
1791
7027
7086
5921
-1387
5133
-2957
7985
-1786
-402
117
-278
2151
-3130
-6668
6830
3210
-4396
-7462
-4664
-3609
6052
-7080
2780
-5504
-5672
-3423
-799
-6993
-644
558
-927
-1651
-3212
-5541
6220
7979
-3161
-5657
324
-6736
3936
2339
402
-3401
-7445
1487
6925
-6398
1035
3369
-4935
2285
467
-3365
7909
-1915
-4535
-7135
652
-178
-6665
-3021
2041
542
7958
-7461
-5928
668
-1839
6944
-5034
-5364
-6731
-4737
2102
5384
3534
5560
2576
2061
-5039
-7516
2005
5801
-1100
525
-7078
-7074
84
-7276
3309
-1029
2830
-7007
-6904
5232
335
-4552
-2122
-5263
6733
5356
-6653
6700
-6267
-3524
2536
795
2427
560
6378
3757
615
2626
-2630
7022
-7748
6693
-4272
3589
7821
6199
-5304
-2776
-3302
-6162
4672
6322
-3762
-6368
-5801
-7250
-1016
-5623
-2185
-3188
4214
4880
3670
-3242
6825
1146
2846
7493
-1726
7282
2383
4100
-2572
5210
2774
-7325
-3166
1686
6669
-5975
-7940
505
-3973
2464
7983
-2557
806
1463
4065
2622
5297
-3082
-3677
-4423
-3460
-1197
2204
3438
5674
-7156
-5298
-4267
591
4673
-29
5510
-5781
-181
-6030
2418
-1793
-4262
3199
4821
1339
-1355
2396
-2513
4922
-194
3501
2291
-3555
-5509
3078
4325
1447
6667
-7766
1187
-4719
-6172
-2881
2519
-3777
4323
-6248
97
4895
6203
873
5726
-557
-2828
-2271
-781
7999
5927
3437
987
-5088
-7401
-7605
2598
-7413
1679
-6489
521
-5329
2220
3689
144
7992
6384
6929
7157
20
-6115
-2382
7571
2181
7062
5902
7070
-4702
-7490
-1328
1991
4926
7864
4634
4567
4646
1661
-2328
291
-5147
-3534
-1281
4346
1890
-1394
114
2390
-6266
7918
6192
6383
6504
-6124
-3827
-7856
-6568
-1549
-878
7444
-3247
-4751
-1347
-5344
-7428
5240
-3957
3051
-4699
6749
6972
-2128
204
7143
-5265
6563
-3810
3170
274
982
-414
-3819
-4464
-3462
7534
-7160
-7682
-7653
4798
-348
-5231
1021
6471
-3660
-4349
-7845
-3526
5103
-1028
-5394
-4052
-4845
-2165
-3368
-2108
1228
-2989
7577
-5849
6803
2263
-6908
3021
2393
-355
-4377
3063
-2025
4035
1222
-7125
-4009
-7189
2306
4110
7619
4761
446
-7054
6146
-1310
-6952
-3246
1709
-5009
7932
-2105
-1276
1547
7830
-2669
2683
-1901
1116
3624
-5047
-5098
-3537
-4273
552
-5528
887
6019
3934
3769
1620
5465
-4838
2371
-2809
6326
-2163
-6890
-7733
-836
-5872
-2101
-2492
-2965
6443
7633
6067
6539
-3907
-437
6947
-5122
-730
826
2406
-1228
-6940
5836
-3425
1293
4940
-5252
7964
-4371
7552
-7688
-6097
-3064
7915
-3312
2331
-7899
-1566
3283
3740
4674
-1654
-4369
-4074
4770
-3444
3944
-5832
5721
-7471
4119
-7592
-1746
-2345
2109
6594
-7400
-5507
-5167
3125
-5476
4255
-2539
-3870
-844
-6722
-1511
1266
466
-2719
3999
-324
3862
3144
2988
2892
4396
6174
-968
2194
-1558
2698
-5409
6606
-1214
6237
-351
-867
-6312
-1424
-1985
5035
-3978
-613
1779
4523
-4710
5922
2858
5571
-5283
-343
5119
3185
7686
1928
-6761
-3736
-5175
5044
-5866
6315
7283
-3692
-7972
-127
7801
283
-5752
6333
-6804
-1403
3020
7611
-7716
4913
-7718
3621
-7986
5004
-2901
-6599
-1734
1418
709
-7943
-4039
7206
-6051
4371
3616
-4239
-666
-4288
1983
3562
-6245
-5944
-5582
7567
-3471
4879
-5386
2763
-6832
7947
7038
-7928
-1718
-4925
-1134
-3348
-7813
-1643
-5619
7805
-5154
-5427
-6200
640
-5011
-117
4027
5076
-1590
-2415
1154
6902
-3929
-4182
-6359
6760
5295
6033
5819
-1593
-2143
-5560
-851
1162
1145
5523
-5661
-3843
4456
769
-1736
-953
6840
-5198
-5888
-306
-4790
-5506
-5313
3453
-2671
5077
7480
-961
7790
2421
-7722
-623
5100
4962
-2285
4086
903
-3263
3329
3956
-4773
-3308
-3800
1062
-1329
-7329
2973
1724
6223
-7826
-7108
7424
-7352
6424
2513
-2743
-6084
101
-2961
-4584
7700
4424
207
5634
7518
-7487
-578
-1613
5588
3786
-4165
1550
6871
-796
4457
-6957
1406
2662
-6418
-1505
-7717
5059
-1085
-7450
3252
-1644
-5960
-2453
257
5335
5142
3968
-485
5813
-2290
-1186
4803
-1312
-6140
6473
-3951
5915
-5697
7750
2512
-4093
-3866
-6891
6557
2193
-5292
-1307
-1887
4934
-7182
-4196
-697
-80
-4718
4978
-4046
3804
7744
-7658
-465
2027
-4387
5262
391
856
-6703
-2575
6743
-3878
194
-2950
-7559
-6666
6757
-6377
6335
-797
-3811
5957
2841
1128
-657
2964
-6622
791
-6297
1891
-1814
973
3667
-4540
-4647
7194
1264
948
-5255
-7786
953
-5663
7824
819
-4486
-877
-1927
7858
-3570
-2947
-4872
-5286
-7262
6278
-5529
1548
-7556
3162
-6351
-762
-3197
7017
7660
-6909
7299
6086
2420
-2386
4794
-7939
-3918
3910
3132
7634
-5735
5420
-4697
562
3409
3294
-987
5878
7859
702
-5635
-6839
-7211
5431
-5579
2658
6940
4504
7442
5517
-6208
2315
-7066
-3125
-686
-647
5860
-6366
-6574
6407
2200
6877
6736
-4563
-5845
-6647
5443
3746
-2687
2178
1513
6039
-5241
-4241
2752
-200
-2952
4958
1994
-4852
2792
424
-2408
-3439
-2699
5249
-1735
-1683
1131
6349
4837
-1890
3605
3271
3837
7379
5276
-7439
-7541
2318
1330
-3390
-6255
5765
6862
-6010
-6889
-4924
-3597
-1356
-486
-975
33
3377
-736
-4374
-3749
-4456
-6276
-5452
-435
4727
-3678
4542
5290
783
-4562
4660
-180
-6617
-3207
-5448
4915
-7290
-284
-4900
-1369
5851
-723
-6649
3135
128
361
-239
-4056
-390
-3131
3022
-7575
-2831
-515
7749
-1469
6404
6497
-7355
3402
-5345
-3803
566
7320
590
427
6958
-2715
4865
-6447
-4918
-1633
401
4547
-6298
-5032
-7364
-3453
-1618
-853
-2742
7003
-3175
-4553
2579
4072
5623
-232
4462
-1183
3364
-5398
-3773
-1245
3759
5383
1314
-6743
7142
1349
6922
4533
1459
-5825
2640
1867
1810
4898
3319
5980
789
7901
4049
1780
4653
-2152
4667
5071
3950
-990
-6173
-1374
-7314
-7623
2258
4647
6244
-1175
5904
-7200
4604
-4264
4594
-7070
-2744
-2551
-4332
3481
-4020
-6077
-3168
-4338
-7981
-7259
3633
7055
5337
4823
-4753
6741
1193
-148
2357
-4109
-226
-7788
-1166
-7378
1645
-3653
112
122
-7743
441
-1555
7303
1597
-1359
2071
2821
3279
-2378
1554
-583
-7594
4706
7818
7844
7079
-3610
643
-3305
6425
2483
1362
2563
-2304
-7105
2449
-4382
792
-3199
-7023
-6643
762
-7275
7381
1452
-3928
-3382
-3972
-3583
-7116
5165
-101
4705
-2190
4150
971
-4946
601
-3763
614
4980
-5372
-5891
3657
6202
5509
-3014
-5728
4756
-6706
7894
-692
-5120
-3253
2225
-7797
3128
7581
4056
1138
-2757
5962
-7808
-5322
-2680
-2317
-3868
-204
-5552
-5653
-6552
-1303
2344
-6613
-7871
5224
3031
7681
1672
-7166
-756
4835
-3440
0
-2980
1753
3788
-4287
-2087
7705
-4190
4152
1745
-3068
-3745
-1325
-7779
-4213
2283
-4076
6553
-2042
7445
1958
1115
-5824
1566
3568
4141
4643
516
-6907
-354
3431
3120
-7213
-2842
-3858
-7073
-246
-852
-2330
-7330
-3584
2745
-6537
1985
6631
-452
-2650
-5408
-3753
6860
-7522
-7005
409
-3069
6419
-6693
-2824
-6845
-572
5015
2388
-3164
-3603
-289
3926
2273
138
-5403
6141
5583
340
-5410
6633
6450
-5200
-3022
-5591
-663
-1853
2708
-5303
-1925
442
1585
-7785
5379
-2135
-4145
-7232
-1013
-498
-4284
3567
-6795
5435
2550
-2456
7877
2944
3017
1431
-1153
7698
3183
-1025
5271
-4617
-4286
-295
-7433
4989
-3326
4655
4863
-5538
-3163
4769
1469
-7089
-3975
7168
-5489
-4015
656
7451
-1838
1140
-5803
7780
-6782
2664
-6577
-4785
-1484
-7497
7891
-520
4406
1545
-3640
-1882
-741
3160
-3619
7399
-3946
5624
5506
-5024
1830
2417
5876
2412
-808
2314
-3113
-1895
4373
1282
3093
286
3661
-3331
-4914
1638
6250
-1698
1968
2524
-411
-3921
-2540
-6265
-1749
-386
7987
3490
2253
-2338
2718
-3511
-6392
-7525
2668
-5903
-3432
-1760
3733
-65
-7980
6098
1846
1255
-2932
2496
7248
-7344
-6724
-1311
-290
-2221
7133
5085
5967
-5531
5429
1500
-1930
6245
-676
3912
-6564
-5846
-1639
6617
4077
-152
-5317
6946
7768
-6070
-5610
6483
-3256
3427
1967
-3202
-4336
-5075
6058
-5319
-2879
-7029
-3500
-600
-7426
-4482
-2441
-1237
620
-3169
-7142
-1430
5747
6908
5780
-2790
2646
4179
-5621
-5543
-4245
7556
6342
-5064
-6559
4936
2165
-2626
-6083
1384
-3371
-1207
1895
-2897
-4865
6995
-4219
7307
1943
6852
-6515
-5001
6918
2895
2539
-2679
-1180
-7345
-4210
2377
-1889
-3962
2242
-3214
-5155
7469
-7190
186
-393
2627
6583
4707
-7971
2260
1383
3243
740
6911
-4305
-2489
4900
-1846
-7129
-218
4734
2713
6319
1094
-6548
-4290
7561
-2979
-3434
917
-1896
6788
-6931
1772
5404
-2211
859
313
2141
-4768
6226
5263
-4823
-1446
3686
-2036
-3205
3853
-5441
1695
3418
4507
-2120
1095
-1257
2210
-7791
3479
-7634
2528
1863
-6734
7266
-7886
3753
1817
-3407
7512
3881
-134
3284
2634
-3779
6461
-3786
1806
5713
-1878
3247
2440
6232
-1625
1011
-779
-4569
-5321
-7480
1493
5595
-6367
-1088
-5793
-5063
4815
-3235
-2367
6992
2136
165
-1836
-4685
5173
-2172
-2505
-5818
7917
-6698
5665
-298
-5725
-6059
5507
6746
6459
6290
1396
1894
3117
-5561
-617
-5995
-3571
5661
5719
-7639
862
415
-1076
5865
1962
-6104
-1379
-2134
4686
3321
2597
5493
7439
5285
-1637
5632
619
-2269
1202
-6026
4959
6572
5405
-2990
-1785
2095
-7713
517
5082
3688
-6730
-4704
-4016
7405
201
2888
-6496
3029
2770
3548
7092
-6652
320
-5123
-1196
-3650
6180
-7350
-444
6270
-2544
-3284
-327
-1658
2134
-7941
1250
-4703
-6207
-502
-7340
5821
3044
7587
-5174
-3276
-2606
3346
-4661
-3154
380
1373
-3203
6478
1625
-2552
-273
-2158
-3046
-6521
-4951
2690
3188
-6190
7376
-4315
-2099
-1913
1134
4375
-2810
5413
-5563
-1507
5804
3139
1010
-1054
459
4986
-5633
-491
5260
5561
-2522
4899
-7952
6402
7532
532
-2714
1854
395
-5628
-5587
-1742
-5258
-3502
-7868
683
824
-4598
-3273
4784
-2748
2110
4592
4627
-6712
6212
-2223
5534
701
5230
-2594
6128
3216
6498
5170
6993
-801
-81
3986
5414
-7409
3882
710
-586
4699
-1577
1643
506
3668
-3491
-4564
-5057
-969
-7052
-2376
-1308
7430
6643
-7942
-1911
-6747
6550
-6729
-830
840
6891
-3010
1826
7201
5111
-664
-6770
3206
6784
3343
-1024
-2817
-1077
942
-829
6188
-6881
-4391
7626
-4525
-6411
-1769
1334
-2355
-2534
-4722
-860
-7577
-6349
7905
-4118
5582
-5805
-6859
-1260
-7602
-6837
-1816
-899
-2668
-649
7326
-7288
3465
1796
-2590
2544
-4139
-108
-753
7664
4268
-6155
5160
-7379
-5707
-6029
854
4106
6130
-2282
-5023
-1631
-7757
4025
-3379
-5614
-6921
-3930
2735
3318
-5956
-5914
-4230
-4324
4893
-790
3557
-581
4658
5541
4679
-3944
-4795
3054
2676
-3580
332
2439
757
1133
647
7644
-7220
3900
4217
-833
-3333
-6749
-2597
-6739
7032
-7323
-7759
3613
1141
-646
-5485
5237
6368
2127
3407
4574
-423
-7178
1692
5825
-3809
-910
-6920
5556
-6436
-522
2989
3640
-2484
7408
-2899
5154
5212
-3289
-7331
-5458
-7772
1581
-4248
1535
-6427
-7763
-2674
6662
-2767
-2526
5738
-7444
4016
-4092
7483
-7615
6218
-5140
-1630
-5182
-288
-7812
-6339
-4355
-4873
4378
-2399
4379
-2916
2351
1884
-895
7751
3698
6051
565
7477
-2592
-1725
-3328
-4094
-3624
5007
-5425
-7470
-2692
209
-3243
7342
-643
-3557
-3428
4219
-6893
-6148
2146
3723
-778
-5374
6802
-846
2129
-6801
-1114
1953
-6005
4116
4359
1592
5209
7589
-7874
3296
-7343
1951
-4501
-2663
-6863
-5188
-6512
-5199
6513
-4904
-3821
7273
-4953
5757
3134
-5934
-7195
322
2568
-3756
4645
5468
4742
3034
7358
-1953
5554
1102
6268
1166
333
-7550
-3266
-3
-320
-1969
3785
-1142
6753
2370
-6335
6885
-1539
398
-5867
5546
2157
1578
-2447
4253
-5428
3631
1325
6967
5885
-1792
7046
7825
-7635
-1091
-4153
-7698
-6481
-7558
-2074
2308
-2721
2705
-1273
-7196
2111
1807
3508
-6784
-6456
659
1976
3560
-5706
5303
-5150
-1087
2230
-4542
5118
-4611
-6062
-5613
-2634
2532
6973
2399
6474
-6748
4330
-629
5660
3153
-6675
-4313
2644
-6999
-5223
-4224
-7606
-721
7082
2855
2530
-7075
-2598
907
4985
-4306
-5961
-4390
-3877
1551
-5655
4464
-7816
-1628
7028
1189
981
6697
-4771
-1364
7826
-2076
5301
-5224
5358
-1475
381
5440
-3760
-6303
-3222
11
-3655
4614
4954
-2478
2407
-1401
1357
6466
-4728
5700
-53
-5144
6193
3334
5138
3650
-6943
-6290
3396
7753
-489
6057
-4559
-3784
-377
-1198
-4017
2569
-259
5850
-3487
2116
-5583
-483
730
-2959
-141
1092
6380
-3620
-1831
2456
6808
5412
-3225
-4626
-7015
-6387
-7369
6195
5677
-2878
-6533
-3104
-2214
-2331
-5170
-994
5101
-6075
-5947
1229
-4157
-6850
2159
3281
6028
6853
1986
-5179
2869
2542
-5828
3892
4146
-1696
7730
-688
-1859
-4516
-6214
-5301
-254
-3941
-6586
-4635
-3096
-5184
-5515
-3893
-1995
-4053
529
-2891
-5823
1816
-137
2492
309
4102
-805
1242
-370
2222
5590
-2629
6243
-493
-7879
-7520
2631
178
-3638
-1434
302
-2182
-4060
6043
-4668
-7956
-2486
-3073
610
1668
-4769
4745
3413
-2361
913
-1784
5490
-6755
-4054
-2730
5746
3809
-5284
-1656
-7183
5092
3741
-7143
7616
-5895
-2536
7591
1210
-2655
6309
588
67
-4599
-944
4499
1348
-1482
-4706
5434
-479
2737
4681
3004
-6422
3673
-5836
-7300
1509
5367
-876
-1621
748
-6458
3105
923
3932
-3196
-2297
-458
-1636
3367
6441
6012
1320
-4913
-1285
1455
-4141
2056
3400
1174
3065
1751
-3614
3307
-3563
-102
2105
-7038
3851
4241
758
-4588
1812
-5004
-6147
-166
-3075
-7951
7002
6196
-1945
-5508
-7393
7049
7295
-7464
172
2943
-7359
-701
5995
-1684
6935
7164
5511
7076
-5701
-3892
-880
-5524
7287
-6391
3564
2208
-4909
-7091
-1712
-7916
-1998
3356
-4379
2453
-6609
-1741
-1649
-6901
-4513
-1822
1582
-887
5073
-6726
-7260
1285
-3120
3807
4548
-2471
-7900
4269
-5362
6467
-7318
4366
-2187
3801
7870
2706
-6716
-1044
-1807
-5673
4748
210
4889
-2136
6410
-6516
1694
-5526
-2712
-1893
1502
693
414
666
-3982
-2525
1206
-4304
5942
5
3810
5403
-3799
-3418
-5953
-7590
5283
-78
3760
7289
-4041
1568
4328
-1923
-7198
-5513
-6080
3240
1960
-2569
7745
-3109
-5092
609
-2949
-6974
-7311
4399
-2993
5675
3556
-2291
5168
-3114
-5517
7869
411
3966
-1959
5293
5779
-4380
6507
-937
-3621
4147
350
-1002
-5734
-800
-3891
7916
-7675
6059
-6928
1922
-5717
-1199
5575
-4065
-4376
-3310
-6958
-1005
-27
7533
-2470
-3781
7978
61
2209
3217
2813
-6439
4768
-7657
-1176
2445
-1891
-6390
2380
5891
-6251
-2884
-1112
-5710
3791
-1229
1438
4445
3226
-5379
-6043
2332
-2148
2082
95
7369
-1561
5827
1292
-473
4183
-5262
-6189
-574
-4557
-4811
-2939
-3606
3222
6602
-1919
3053
-5503
5869
2064
885
-6808
5478
-3805
-7320
5275
-3100
-2046
6851
1880
7281
-6469
5599
-3285
-6480
-4926
-4238
3248
-7370
5603
794
1678
-5573
696
1042
5088
1080
300
-6596
-7670
-2220
4688
-824
4845
-7468
5968
5152
-4089
4832
7578
-7137
-4433
4275
-7842
2587
-3338
-2611
-911
3306
-4786
2700
-6152
5136
-271
-1818
5219
1380
-6176
3600
1317
7341
132
1703
4532
-2272
523
-4889
-6113
5090
5629
4860
3572
7643
-6451
-7372
6252
1653
-3607
-1263
5578
-2430
6928
6343
-5196
-531
-4663
5856
-1675
-415
5988
-7625
-337
-7644
-5911
-4430
277
7137
2203
-3703
-5245
5010
-5282
550
2172
4703
1767
2928
5387
741
6026
-3983
-2974
1580
-1450
-1448
22
-33
-3644
458
-1804
-3863
-2334
-5418
4388
3241
-5964
5336
-1146
-903
-1914
-7467
2162
7123
1795
1532
3358
7833
-2574
3119
-7758
-619
1329
-3755
-7729
-2647
-3385
2865
-1474
-1060
-1563
-6670
-1393
3909
-3152
-5423
-3173
-5864
7193
1091
6759
7085
-7827
-1012
6820
4560
-3625
-5796
-3589
3675
4516
-980
-5233
4530
-7705
251
1284
-7907
2879
2401
1919
-7814
-7374
7688
-4454
-3335
-4602
-2252
4254
6346
-3252
5214
-2515
-2803
5256
1098
-2641
6528
-5585
5841
7775
-5371
7450
25
7108
2149
-6086
5823
-2956
-4365
-6504
7776
2019
-224
7993
835
-3358
3299
-3384
-5161
2930
-6252
-605
-6388
21
-542
-5498
6738
6955
-3118
6304
1876
6375
-6169
-5049
385
-5955
4185
-3594
-2554
-4293
-669
-5251
888
-464
6433
-5822
6434
44
-5686
-3001
-2009
4153
123
4461
6629
-929
-3600
3174
6182
1059
3304
5932
-3422
6614
-6305
1335
-4497
-2180
646
5296
2025
-1470
-1346
-6639
4854
7093
7044
-5679
1591
-6602
2601
-5417
686
-449
-3063
3961
-6401
-4967
3439
1517
1480
1739
2404
3781
-6847
13
-3707
1781
-71
-4170
-5840
581
-549
-5185
3340
6103
6626
6238
1782
-2043
7919
-7391
-3591
5479
2493
563
-3709
1939
5913
-2192
2447
2833
6411
7851
704
1896
1158
-5022
3630
-1588
6101
-3206
305
-7430
1881
4196
6994
533
-189
1947
5144
4709
1077
-3540
-5797
3957
-197
1663
2714
-2777
7454
7769
-941
-3341
157
-5856
2938
5157
-6785
-3528
4155
6518
4071
6495
-3139
-3346
6113
-1467
-7253
2164
-4536
-5482
331
356
-1562
5304
3794
-5992
-2434
902
494
-3510
7428
7570
6428
3505
-2905
3602
7866
-1157
2560
-4980
-6313
2022
1964
290
540
-1074
3652
-4494
-2141
-7455
4999
-7584
-4260
5620
-5909
4923
-2532
-5014
7018
1221
-7489
-1629
-6899
2840
4136
3383
-2299
-6177
-7543
3137
-1690
-5277
-2640
3267
-7849
4601
7770
-7500
-7784
2419
2317
4364
-7949
3197
419
5960
-2322
-4282
-4070
-6894
5707
3131
-5139
1915
4993
-794
-7392
705
2486
-926
-7895
-2277
-6592
2409
4974
-3334
-6551
931
-6108
5055
-2683
-2940
-6897
4628
3768
2887
3767
-497
-1177
-3793
-2048
3913
-1108
-3556
-3300
-1504
-6316
7502
-1581
406
4099
4200
-2246
7322
2183
104
4721
3648
6327
-5501
-3543
-3889
-6345
-2188
2239
-847
-6299
96
7704
6190
-2958
-1315
2090
2335
3068
5612
-6380
-6381
5188
-5461
2549
-6014
-421
7117
1697
-1626
7364
5637
1043
2957
6482
965
-5664
-5667
-4443
-726
-4882
-5114
4315
-2986
5451
-4857
-3665
303
4585
4595
-1960
1549
1389
-5595
-6796
7223
2252
-5687
-6508
1428
1614
-124
6345
-3852
-842
3121
3858
3322
1731
6591
6822
7434
-1929
-4822
390
4551
3133
-1358
5190
2039
2982
-5330
4824
7366
-478
-2576
-2689
1667
1262
-5915
5954
-7381
118
-5194
-1295
-4619
-6106
2232
-195
4807
4070
2680
7319
5872
-2300
6668
706
6417
-4133
-1986
-1139
-5676
4534
-2654
-6588
952
-1611
5067
295
-2171
5555
7382
1559
477
-6093
-60
-3969
7702
-848
-6669
-1046
-1118
5033
4405
5553
1737
6670
-2988
-3522
-3286
4334
-1492
6398
-5043
-2561
2481
-3642
6800
6828
4819
7530
-7569
1546
4307
3155
5732
7389
2795
1302
184
-7835
4541
3601
1819
5037
2994
6909
5117
-260
1916
4540
-5689
-2796
2660
-3769
-7953
-7138
-5085
-5473
5132
788
3719
6630
4291
4846
4142
1403
2937
-132
-7494
4052
-2595
2108
2977
-684
-6681
-1731
-7821
5643
-2458
-3687
-1190
6999
900
-5758
-7404
1465
1360
-7102
5021
-5729
3381
3158
-2704
4597
-4309
5502
4350
-5897
-1471
4075
5361
1557
1875
-1869
2073
7252
-7316
-6910
4977
7896
5415
5581
-6477
2778
334
-3402
5171
-596
-5187
5975
7071
6672
-1294
-6950
5311
-4833
-1624
3540
-7906
-5571
-827
3702
1842
1729
-5325
-4100
7392
5124
6287
977
1603
-2898
4493
6943
-6302
5459
5306
-3043
1219
-6585
5193
64
-7014
1898
7126
7196
7060
2899
-924
-5357
2885
5749
1241
-1321
5570
-3239
5032
-1622
1893
-1340
-4886
4648
2168
1088
-264
-1909
7763
513
-633
2247
-2960
6596
-1234
1424
-6717
7148
-7672
-1912
6423
1921
-441
1492
7363
-4674
5924
5135
3808
-5759
5818
-5038
-4008
5708
-3627
-2366
4967
7056
2262
2572
1354
5543
-6236
7205
-4991
4237
4692
-174
2067
-3405
2197
-773
5036
2229
-2825
4165
4218
-2242
-6911
168
6274
-5060
-412
-3218
-1933
5395
4897
-648
-4480
1398
3410
-1460
-7622
-5260
6984
-3831
2624
-2154
-4983
4682
3235
-293
-2648
6951
1761
-5963
-5525
1231
-5922
3946
-3430
2805
2352
5947
-5907
-3608
-2686
5172
6358
-6985
3714
-7061
-7643
-3270
-1009
-3579
3244
3529
2035
6061
-2507
7774
-2981
-1192
4051
-4029
-2028
4656
-1976
4149
3459
6609
-3622
839
-7036
2829
-7287
1028
-2044
-2615
-7509
-3262
3417
-7357
6873
-4814
-7521
-1182
-1490
-3352
-3807
2670
-4506
-2102
4629
7125
663
-5149
4005
-4386
393
69
-5375
-3656
2451
-8
1982
-2549
-1264
-1530
3747
-4580
4512
3831
7407
-360
4252
-6906
4414
-4880
3404
6649
6154
1127
-7157
-5569
87
2402
598
-2069
-1672
1882
-1223
1822
-62
-5713
4037
5816
-4586
-7087
-4221
7275
-7060
-962
6301
-554
-5335
3919
-4445
4012
-3057
4599
5217
2652
5480
-754
-5126
-5594
-1729
522
-3482
-622
-718
2730
7663
7297
3232
-1954
-566
-2839
3543
7560
-869
2189
7391
4437
5933
2753
-2608
997
-1010
481
-4277
5323
2337
1526
-4998
4691
-1845
2936
-3216
4818
1263
-4787
2886
2175
7741
7528
-5670
-7764
520
-7004
6847
2746
-989
-3244
4654
-5736
2163
-5711
-7169
-4837
1205
-7100
-3294
121
985
-6557
-157
6135
6561
1005
2516
3486
-3306
447
2975
2411
-7920
7274
-7513
-988
7105
1633
-7740
-3292
5855
2643
-3492
-2631
-3148
-1858
-2911
2375
-1888
707
-4226
4031
-1512
-7493
-3278
-7399
1238
4580
4250
3470
-2466
170
-4091
-7164
-2098
4610
-3632
2033
5460
2750
94
-4633
-6562
6635
4236
3857
-2903
4289
-1774
6008
-7651
2712
-7524
662
1914
-292
-2413
1506
5549
6952
-3520
5305
3468
-3210
-4756
1237
5302
-5575
-5622
-4261
-6864
3646
6119
2527
994
1527
503
6248
-2482
-857
5422
500
746
-2693
3398
-2624
5647
1112
7758
-4024
-1096
7230
-7085
-7889
7599
-7726
-4294
2693
-455
5488
-7302
-4678
4771
2790
-4772
-7671
6494
-2840
3883
6439
4554
-7144
1569
5844
1519
535
4760
-2261
-6556
4111
950
6953
-4455
603
-6125
4221
-263
-4594
-6833
-3718
-2131
-6472
7118
-7380
-7039
-7284
1589
2123
7383
4816
-1775
600
-5908
-2520
-608
7736
2223
2913
-1791
3276
5497
-1267
-6569
5234
-1568
1109
4684
5916
-6979
1192
-1045
5722
-46
-7664
5901
-5008
3142
362
5129
-367
5658
-5287
-7306
6696
3266
-55
-5220
3672
1852
-1707
-2543
-6514
-3011
-4135
3259
-3787
-2092
-1075
-4121
-6315
-330
1402
2751
-7427
-5675
-547
-3136
-2449
-1556
-6744
-5574
-891
-1055
2868
-4327
-1860
-1459
1179
4774
7707
-7151
-5210
5969
-4676
-5981
677
515
-4612
9
5083
-584
7290
7563
-859
-3658
428
-6329
4432
-7775
1434
-774
-6539
-1090
250
5982
-2443
1497
2834
4195
-7697
-516
-985
5053
1956
3264
999
-1748
-5771
-2550
-3274
-7573
5424
-5414
-1413
3899
-1528
2940
-5730
-6361
4641
-1635
-2485
4792
5222
-2602
1323
-4974
2923
-7583
6582
6161
-506
-6019
4975
1367
-77
-3209
-1542
5028
4873
-1873
-7735
1220
-5119
7991
-7185
-7725
5626
6140
-3170
-3395
4966
-5896
-2106
-789
-3355
6849
-6137
1470
-5013
5692
6584
7748
7926
-4708
-1337
7026
6170
-6802
-1115
756
968
-1548
6159
6767
-6440
151
-453
-7882
-984
-6167
3731
5455
-1150
-5577
4677
582
3715
580
171
-326
6090
1044
-5858
-4657
6163
5450
-310
6363
-7283
-6935
5772
6831
6145
-4912
-4381
-928
-768
978
4391
-4244
-7255
-1704
7522
-3387
3619
-5718
1644
-3501
189
2334
4545
-3311
413
3202
7682
5149
4938
-7684
-6733
-2599
-996
1065
6938
4508
-2919
-6131
-5502
-2150
7889
6867
-7616
-6754
5113
-693
-3780
2649
1635
5831
-3360
-6740
7084
-5512
1674
-4934
-2248
-2370
-4731
-5892
-7
1926
-7337
6969
-2506
-4549
-4862
-1599
-317
7944
6023
1740
-2126
-4911
-2237
-6407
571
1301
625
-2184
4314
-7633
-7568
1564
577
-4996
-2571
5281
1103
-1169
-2319
7011
3795
4730
-5192
3414
-6558
3085
-935
-5933
6996
1558
-5037
-7736
2588
-7187
-5437
-4181
2328
2024
3748
-568
4068
-995
5062
637
-828
-3913
2444
1762
-4799
7261
-6607
-261
-4850
3887
-5788
7144
-7563
7871
-1697
5192
-5353
-1540
7935
4928
7067
-3065
-1152
4631
4014
-4258
916
7217
2475
-208
4007
-1883
2361
-7289
-5445
5533
-3872
-5743
3750
910
-7957
2971
3122
-3871
-5488
-7547
4570
956
3940
1871
6401
-7872
-2018
6559
3103
1999
-4971
-5748
-658
5627
774
2185
-960
-3569
4606
680
-1064
-707
-4411
-3145
-5994
2836
-4111
-6735
-4927
5557
-562
142
-5937
7911
-7676
-5654
4038
4882
-2709
-140
-681
6453
2880
5873
-4222
-5203
-6446
-4830
3163
2615
7437
7119
7957
6558
5759
512
4903
-6797
2993
298
-4884
-3437
-2324
435
6985
510
1265
3446
453
1666
3617
6339
-3925
-3668
-882
850
2030
7099
-5244
2296
5950
2479
7845
3859
-992
4741
-1095
-7371
-1770
-6443
-2232
-5839
-5225
-1031
-2286
6945
1572
-1974
-6625
-5930
5030
-7891
-6396
-7973
-4042
-2856
-6158
2561
-2130
3840
-3717
-2280
-2811
-1225
-3837
7050
-771
-7124
4582
-2848
7014
4238
1477
-1323
-6314
58
-6912
-2566
3097
3491
-2010
-807
-7599
3849
5436
-1984
-4558
-1958
976
-7820
-3380
7470
-2228
378
7042
-2481
-7511
-4920
7568
6235
-5172
1110
5363
5310
2354
-5340
366
7300
6949
-1244
2190
-4299
3193
-1271
-1789
4326
3026
-2462
2455
7136
-5026
-4466
-635
-1595
-3329
6624
1701
1177
4996
-1
-7037
368
-7028
912
-280
-3764
6367
-417
-7966
3665
1732
2742
1927
-7356
6312
1918
-512
765
-7451
544
-3458
1081
-4354
817
-4538
2462
227
-1167
4302
-6330
-1730
-2446
4800
2460
4858
437
6546
2681
1861
2305
-7817
-98
557
2360
478
-357
4469
-5890
508
-702
-548
-407
-6487
4665
-705
-6695
5292
2128
5280
7982
-3728
-2487
-3150
6611
2282
-1806
-7184
2324
359
1234
6265
-2403
-6524
261
-4113
-3438
-4178
6661
7752
-7236
345
4862
-3768
-2411
-2422
-2927
543
1481
7225
2469
-1813
6910
-2312
-582
-6122
5882
-6264
6509
2281
3312
4108
-1363
955
6663
6762
4357
-4001
5785
2221
1261
-1056
-5885
-2781
-4488
5866
1887
-2713
4607
5202
-2775
-699
-4242
7000
1023
2087
-3979
1104
-1894
-5601
5430
3102
4874
-5602
3758
6475
-5390
970
4704
5791
3819
6806
739
-6505
-636
-7095
-5006
-3521
2991
534
3059
-2976
6328
-5950
-3725
4339
1114
5896
7669
-7459
-5683
7914
3492
-7655
5399
-4606
2675
1425
-4760
6599
-7567
-4231
-2045
1002
-4257
1486
-1200
-3062
6066
1453
4725
5994
-3657
-7992
78
-612
7203
6889
1268
7139
7710
3146
6665
-5366
5530
-5121
-5334
-404
2695
-4587
7507
-5884
3735
-5889
4671
-3735
4717
-2444
-5440
-7495
-4870
-2156
-782
1345
7558
-5349
2907
-3592
2740
5148
-5269
-3775
-6759
2803
1771
592
-212
5126
-4388
-539
-918
-2222
2309
979
1993
5371
3219
7829
2312
2581
-262
-7175
-1089
-3955
4120
2107
2176
-7042
-3949
-6419
6387
1579
-7202
-900
6917
1415
-1319
-6054
5931
-2643
-5599
-4745
-6283
844
3091
6258
-7638
-1723
1704
-4500
-6224
3323
1124
7218
799
4697
-6116
-2323
-7212
750
7135
2122
407
-1851
-786
5396
454
4067
-668
-5762
-7488
-2295
-7109
-1154
-1011
-7448
-146
6201
6708
-6402
-4146
6580
5099
-5814
-1823
5125
-2531
-7674
-1104
-7067
-110
-6614
-6791
1171
-3844
-2880
-5422
5908
-79
2466
-7230
3443
3886
-7686
-3671
-526
2731
1280
6730
5087
876
-4366
5528
-2183
3792
4175
-1671
3537
3606
-2475
5829
-4037
-5982
5110
4710
7927
-6799
-3468
6100
-4628
-1067
-460
-4512
-1050
5512
-2173
5728
7132
3394
2613
947
-5651
7134
7841
-1130
5526
2514
263
3691
-7621
602
-1132
7761
5225
-4335
-2892
4417
-4936
-5355
5593
-1416
5467
7811
-303
4808
-1269
-438
-4765
7388
6698
-6250
-5720
811
-6697
6719
4312
48
-2354
-1509
-6523
4564
6682
-5939
60
-5238
440
-5397
-5453
6695
-7609
3725
7415
-577
-40
5014
-1053
2843
-3984
-7338
5201
-7126
-1039
3013
-2197
-2078
-5381
-4709
-6047
-4690
-7113
4757
-2772
3339
766
1009
7367
-6776
-7741
5684
-5168
-6682
5784
462
2873
6324
-2780
-2034
-2854
-5099
228
-2016
-7130
-4295
4639
-145
-5821
4851
5610
-5646
-2498
6566
1808
-7035
-5857
4040
6576
6347
2213
-4028
-2177
4857
4303
-7027
4408
-4963
-272
-2218
-7425
-6354
-7043
-1754
1840
-5148
-7034
1607
-6216
3109
2672
3789
3998
4562
-7097
7448
1350
4287
247
-714
-7003
4097
-1466
30
1606
1454
7728
-5202
1604
-4975
-7457
3129
4329
3729
4711
6485
4443
-3414
4353
1479
3782
-3375
-7463
7346
7072
-6960
-6786
-6229
-680
-6866
-3849
3720
220
-6789
1387
-601
3469
-4944
2137
-4929
-2945
7208
3823
-7068
-7721
2775
-521
-4739
2575
-2613
5716
-4744
-6340
3676
10
7344
1056
-1348
5070
-371
-387
4166
-4812
-2896
-3722
4732
3286
808
3711
2487
4976
7211
-5369
-5929
-3320
-4068
6901
-6357
-4491
-1874
-2538
2422
4759
6734
-5159
-5548
-3245
-4498
-1292
5221
1070
-5086
-7010
-5741
-4083
-4632
6724
3684
1924
-7223
219
866
2906
-4300
-187
7566
-4417
3925
1391
-2436
-406
-2431
-1058
5830
2653
-2931
-1531
-4176
-6274
-107
7053
6442
7362
-7586
4758
2987
2211
7548
4750
-4514
3207
7291
-7830
-6978
7961
1736
-670
-5146
-7348
-7517
-2820
6681
-3393
-3806
-3774
7078
874
181
2903
-1571
2267
-5300
-1756
-4246
1626
6890
890
-240
2585
-1236
2304
-7475
-2862
-2747
-6414
-5558
-5833
3507
1975
326
869
-881
3476
-5637
4101
-4329
2875
3094
3596
-1086
-341
7277
-3496
1738
1199
-2423
6874
6005
-5411
-6989
367
-4123
2395
-4383
7161
-6416
-220
-5943
-7840
-3828
-6674
3249
-2764
-618
-6852
-3857
-1254
5609
553
4689
-7434
-2256
-75
-6699
2300
-739
-388
-2970
7716
-4566
-2964
3544
7906
-5003
-7627
-6476
-3373
5115
-1691
2777
1467
3152
1031
-4801
-5056
3583
-1935
-3766
-5012
2863
5241
-2493
-1372
-1409
589
1279
5246
3755
-6243
-4492
7886
5766
-5076
-1545
7674
-6453
-527
-7999
-3183
-403
-2785
5298
-4472
136
7519
-2258
4693
3697
-4964
-6922
-6721
7921
-6746
-3429
2822
3405
6956
-4175
3295
2341
4963
1188
-231
-4962
-73
5501
5999
6798
-5870
3565
7949
3272
-7887
-3466
-2701
-7112
2531
-7533
5948
3930
5809
2620
6702
-729
-4400
3462
836
7970
1587
-757
1223
3006
-4945
-3947
4828
-6975
-4140
-3515
-6166
959
7762
-3847
1161
-1227
2946
5109
-6933
5952
-7454
-2445
-4442
240
2500
6323
-4767
5598
5852
2131
-3954
5477
-3596
1173
-4893
-1265
7370
6534
-6626
-5235
448
-1419
5051
1461
-5106
-2702
4931
3311
5646
-6544
386
-976
7876
-3937
-621
4662
852
-2139
1507
-4724
5997
-2678
1612
-3350
7655
2052
4619
-6150
-236
-1000
-4174
-1121
679
7683
3165
-2918
-2164
4013
-2797
6960
4649
715
-3902
7127
-4515
-4831
2810
6444
-7301
-67
-5117
-565
4094
-1506
3024
5270
5768
5849
-1432
-645
7786
-6925
4123
-420
-4235
-7767
-6709
-7385
7453
-5035
-5731
-5693
2423
-6938
5630
4664
-939
-1952
3362
-6549
7348
-2200
6077
3850
7221
5340
-6187
5131
944
1677
1537
-4986
2007
-2364
-510
-7383
-7136
-1983
-3412
-749
6256
2279
3194
7875
-4825
4343
4167
70
2302
1524
7725
-6867
-3058
-2257
3033
-3248
-683
4295
-2000
-2049
807
6650
2787
2599
1337
-4531
-4640
272
-4523
-5005
-916
4633
5664
-840
-1559
5863
7039
-4848
5253
-2404
-6970
-4012
-2374
-1397
5536
-3091
1829
80
7849
-372
2523
3355
-6195
-3604
-6415
5673
-5898
-2023
1541
-963
-4297
1165
-3909
4105
682
5930
4916
3055
1675
-7217
3566
-4128
-6969
-28
6595
-3095
-1898
-3698
3178
7167
-2929
1573
1684
1866
-2794
2910
-2609
2488
4320
-6374
-1782
5615
-7888
-2070
3007
4066
7395
6575
-6542
3181
3799
-1137
2815
4173
1040
-954
-4977
3928
-1777
-4085
-5363
-7354
865
-815
-3099
-4712
-6039
-816
820
2628
815
4950
5097
-4827
-7090
-7715
7900
-54
1414
-7665
-6466
-2121
-7210
-1738
754
1363
-9
-7483
1948
2085
3337
5009
3699
-3509
-266
-4851
-997
1649
1100
-7915
5483
4930
-874
1017
5184
-5596
-5984
6034
-1042
-425
-7322
1297
-5755
-5195
7998
6772
-2859
-5751
-3052
-7776
-7270
6774
-1722
-948
5400
-247
698
3687
-1123
3997
-4779
479
2642
4581
-86
-3711
-614
1281
3228
-5413
4000
3130
-6011
895
-4858
-7828
1216
-6231
-1429
1074
-7328
4362
1662
-6511
6771
-4527
-1744
-216
-51
-4036
2429
-1815
-4965
-6997
1374
5580
793
3981
7837
-214
6137
5899
7357
-6640
568
2003
-6428
7623
1089
-5456
2721
-1014
4825
1093
3659
3871
1445
-6498
4431
7538
4701
-6888
3057
-710
-7548
-6984
-50
1277
6893
-5926
-6050
5050
-5705
-7063
-31
-7018
4176
131
-36
-122
3342
2864
-365
-4378
6763
-3180
208
-4597
1444
509
-2147
4968
-2030
4400
3843
-6814
-6226
3848
7836
-868
4449
4492
3707
3994
-5221
-207
-5842
7296
-5770
-6334
-6201
2799
-5942
-1449
-6846
-5829
645
-99
4393
7555
-6107
7680
-6393
-1652
-1688
-2819
450
1316
-1187
6036
5835
7647
5567
4994
-2264
2593
-1305
1164
3988
-3934
-1662
5881
-1350
-1083
1296
-7299
-1298
2097
4292
-4280
-5522
-1817
2023
-1947
7411
-2871
212
-7339
2310
5353
5956
1169
-4399
-1557
6882
1583
5453
2468
7943
420
-5838
-4191
2617
-5336
7486
-1747
-5537
-5699
-7297
3989
6291
357
3478
7498
2126
4481
-1508
2902
4201
5741
-2646
-5239
-1579
7494
5048
-1705
-544
6177
3110
-7233
4285
3293
-4217
6150
-3932
-3167
6344
-3765
930
5996
5364
-7204
555
798
-7723
6197
7783
6505
-4969
6406
-7566
5052
-5971
-3403
2801
7981
-7918
2942
-149
5482
-1946
5265
-2063
3335
-3830
-6686
7649
-7861
7112
5606
1544
-3895
4630
-2942
2783
-2523
6869
2806
6997
4300
7373
-5228
5191
-7111
-7417
-6410
-2676
5601
7270
-6292
990
4439
-7667
-2517
-5457
4538
-3586
-2656
-90
-5518
7950
4811
-2770
-2978
6678
-2133
-5830
7122
-6840
229
-7683
5650
-3746
4118
3701
-3976
5854
-7539
4316
7172
-2912
-2955
-7149
1746
-7421
7403
-5629
3070
-6827
4189
-1900
827
3835
3428
2831
1014
-375
-6597
2754
1974
5763
-4993
7661
-3228
-7403
-2637
3549
7965
-3724
7814
-151
-7244
3703
-7227
-434
-7234
6222
-5973
2088
-4043
4279
-5377
-2510
-4285
-3271
-1324
-7482
-902
-537
-3485
-2476
-2789
3638
6640
6968
4144
-5996
5862
4830
-2861
-3237
7997
68
7059
3475
-4419
7041
-3900
3922
-6488
-1521
7657
2749
-2670
4143
7420
1950
-6336
-4614
-2137
6523
7025
-175
3669
7436
-2928
-2833
7713
-7082
3815
5428
-1706
3645
-5455
-1963
2098
4080
-2086
-2314
-5988
-7172
2257
-1796
4809
4953
-6310
5161
79
496
-2368
-6072
4951
1699
1659
6587
6779
5776
7795
3722
4777
-2642
1602
-3826
-7238
-2717
-3950
-3699
-4701
3027
-5478
-2017
-3445
1355
-698
6598
-3757
-4528
-3179
-6112
-5668
-1143
-6235
6752
-7714
-579
-2573
-2362
-7802
3951
7913
-2644
-3661
-7235
3451
4864
-2491
2256
-2675
-5835
7435
7673
-1740
-2660
4957
-4509
7671
1680
-7460
-2060
-6694
2397
1018
6355
-4816
-5993
4844
-641
-32
7630
4245
3260
-4859
-1751
2037
-2547
4272
4172
6989
3376
1144
-6929
1520
1798
-7936
2272
3214
-7760
-4263
-2740
7015
72
-2
-7243
-970
-3013
-5780
-5232
-6825
2826
-1932
-7780
-6690
-1230
-2097
2450
-4416
-5031
6737
-709
4947
-2524
-7597
1217
2268
3727
-459
6399
761
3429
-5916
-7865
-5767
-6400
-5913
2614
-5015
5195
4435
-7267
59
6735
-6570
1776
-4518
1501
4338
-7536
2347
-392
5334
2498
-3231
5843
-7681
3771
-7158
6048
-2530
-4318
1132
-3829
4935
-4828
-6589
6710
1831
6187
3752
4107
-2161
-1156
-6459
3891
2342
7114
-4994
-5841
-328
1906
-1408
-3792
-5638
-7905
6815
7264
-5279
810
-2167
-3544
-4161
2458
-3027
-7937
2010
2555
-1255
-5227
-1209
-637
5278
-379
5542
-4250
1178
342
6142
-5207
-1326
6371
6262
418
-7731
2893
5350
-4312
-1351
-1885
1120
-2191
-6254
6671
-6296
1930
4997
5767
-206
-3477
-7001
-5289
-920
-4667
-7790
3242
2608
-4199
-4465
5104
4002
-4048
-6205
-7911
-7298
4804
-1663
-7738
2154
4871
-4159
-3862
3071
-735
-3221
-2336
-112
-1368
-3151
1905
4298
2553
-2934
-1990
-5134
7374
7885
3528
7898
4626
6313
6703
6092
-3396
4271
627
7668
4522
6179
-4452
2969
5668
7815
-4761
3223
3515
-4618
6133
6416
-1518
-3234
6896
4572
4220
-5044
-3204
-1608
-1510
6711
4479
4242
-3190
4260
2759
1474
1286
5128
-4357
2099
-1866
803
6293
7314
7368
4478
-7923
-7278
6372
-4107
-2908
-7642
4924
-3964
-509
3302
3156
6745
-3189
849
6881
3064
5552
-6873
1702
-6578
-92
-4234
-3452
3196
337
4412
-2309
5864
-6403
6264
-4666
3434
-6710
-376
661
-5850
6065
-6186
1786
-1249
2922
-1487
3141
1805
3846
3009
-7553
2454
-338
-3028
630
2303
1411
2083
-4995
7667
-7787
551
-3186
-2145
-1138
-3682
3573
-5847
-7504
-3832
6359
-6996
-3836
3817
6674
-6188
-5405
6848
2049
-7291
3547
7777
-6792
5251
7742
7923
-5033
1815
4454
-7720
-7508
4636
-408
6959
-7377
4286
-1899
4698
109
-3966
-6149
-5998
-2215
-1003
-1078
-7933
-1739
-3317
6111
-2181
-1755
7550
-1850
-2230
-2266
-4861
-5464
-4062
377
-451
-4
-373
891
6064
1825
3327
-1576
45
3724
4617
-2632
-1987
3847
2316
7321
-2079
7398
7880
-1669
-1360
-507
-5020
7853
5727
4544
4652
4616
4017
4502
7001
-6497
3911
1200
2564
-1745
1655
768
7782
5244
-6715
2228
7298
353
6819
-7704
5461
-6628
-2855
-4711
469
-3238
6787
-4233
374
-96
116
7640
-7739
2066
5442
-7153
-1195
-1376
27
6894
-5550
-283
-1569
-817
-3476
-4867
7425
-2308
5989
3531
-3945
4535
1052
-7443
-5142
5718
4912
-4018
-5798
3450
6276
-5612
5122
1971
-6233
975
-7564
1901
265
6577
-5691
-2140
7180
3964
1198
6166
-1495
6108
2491
-5474
-6337
-1572
-349
6093
-4027
6543
-4972
6950
-305
-1106
4418
-4650
-4059
3
-4000
-4987
-4493
3876
-7576
3391
6448
1033
920
-1728
-3472
3172
-1216
767
3952
6689
-1680
-6444
2545
426
-4997
-4114
-1943
3834
-2600
7697
5897
-6865
7499
-1288
-143
7115
4528
3387
-7186
-6654
5029
-72
4666
4676
-5249
1618
351
-5843
1472
-543
6001
-1809
-3741
-977
3345
-6880
-3686
7789
4358
-7114
-3048
-4677
2323
2070
-6546
-6129
5456
-7955
-6849
-7268
7232
249
7765
3874
2313
-5046
-538
-4316
5858
-6843
5408
-2583
-5807
-5087
-5359
1936
4668
2330
7543
-1313
-5966
-2332
7390
4215
-6241
6081
-3646
753
-2433
-3223
6570
-6615
1129
-4424
-7026
225
-4752
2385
-2426
-1763
-2761
-6616
-7084
4887
7610
1671
5299
-6363
2687
-6502
906
-5257
2115
6636
-3254
-335
-7654
3539
-6061
-755
624
-448
2534
-2734
-4662
452
918
1050
-3369
6357
-4116
-3554
1236
-158
-2885
7986
3526
5723
-6378
-6319
-3157
-3906
-1370
-4813
-6526
-1148
-7708
-4490
-1062
-1695
2590
-6066
-1035
7897
1623
-5592
-4682
7920
4992
7036
6464
5638
5586
2476
-3894
-2318
-5138
-4392
-1270
-2236
5064
-6892
4829
3974
-4322
-2166
-6320
6175
7338
-4561
3308
-3030
-6818
6168
3803
574
-3332
-7829
4198
1404
-4278
-6688
-1268
-1008
-41
5642
-3708
-1714
7521
-1162
-1865
7250
-1105
-3695
3514
4113
4812
-2240
7166
639
7229
1897
3877
-7805
5596
-6223
4520
-6269
-2350
4892
-6409
-2244
-7194
2059
-276
5167
3513
-7099
1464
6605
-6242
-1034
-1299
-3359
5392
-5800
-4347
-7062
779
-1149
-821
-3383
-3288
-268
570
-3631
-7077
2473
-432
-2836
-1543
-118
-1870
2837
-563
5366
7855
1347
3954
246
-11
-7908
2472
4765
203
1992
1041
1505
-7093
-285
1624
-2962
6987
-5789
6479
-5649
-6757
-532
7462
-2636
6341
-6127
3336
3736
4738
-3706
4092
1489
5362
-4358
-7844
-7429
2293
2518
-642
-3060
3043
6294
-3550
-4546
-190
2697
5691
7189
-6491
3114
57
-7689
2844
-6642
2788
2908
1820
2955
4623
-5352
-211
2198
2781
2511
-3714
4044
7576
-4407
-474
5352
-662
-5952
-3778
943
-6203
7798
-5
5107
-6015
-1703
423
2877
5503
3873
-3297
-4163
-169
6234
3584
-2863
-5744
-7967
3615
-7532
-6450
-7630
6233
1049
5013
-6350
4500
669
-5181
6014
3100
6022
387
-5817
457
1848
6503
164
2415
2556
-4503
1632
3354
1617
-250
6332
5892
232
-7336
-7205
-7946
1195
3692
1185
818
-5742
-4560
4004
2219
-6680
5448
6809
7170
4226
-5433
-6704
-424
3500
5832
-4881
5268
7043
7526
-313
6457
-4937
-6490
-5316
2356
1038
6555
-123
288
-6494
-7846
29
1584
-126
-6994
4586
-2387
-7025
585
-4132
3622
-3456
5169
-2818
936
2947
-4343
-5527
-7271
-4521
-2666
1555
-591
259
-4061
-2206
760
1064
6948
7337
-6338
218
-6182
-6820
2391
4602
-6385
7237
7253
-6842
-5578
-3613
-4323
629
-6951
-2778
-7773
-4340
1068
4561
-1950
-4840
-6219
-4930
1534
-747
-168
7656
4299
-6163
-6775
5846
3373
-5395
-2577
3349
-3258
-6048
7109
-5324
-3257
-5958
-6623
-2826
5656
-76
-4448
1359
-5519
6773
-222
7460
-3282
-2829
2368
2679
-6937
7584
-7098
-1015
5788
-2787
-2245
-7032
-2548
5608
7433
649
6897
1940
-4031
1726
91
4177
2485
-4439
-104
4402
7607
-3696
410
3289
-1681
2237
-1377
5663
-3566
1728
-2846
-1279
-6358
501
579
-7496
-4856
-7896
5216
264
-7834
3656
3545
-3615
572
-6636
7868
7547
55
-7640
-7452
-2601
7834
-5696
7586
191
-3007
7301
-4533
-2377
6365
-3508
6844
7335
-1834
-7749
-541
-1906
2478
6118
1499
-4096
4943
-4393
961
-4849
4772
-7515
4311
-7046
6445
-3667
5828
5669
6864
4766
6289
1291
860
1227
-7419
6376
-2416
-2711
-3448
-467
-7313
-5268
-2435
6880
-5853
1595
-4289
7781
5548
-6181
1257
1619
3395
2674
-1382
5307
-893
-6165
-1541
-2417
2216
-196
3325
-6972
3477
133
-1330
3973
1565
4324
-4775
-6790
3471
-1400
-3070
5016
-6608
4735
-5951
3761
7471
-6779
-6325
-1232
4796
4208
-3848
3179
4583
504
4060
2934
3812
5822
-7893
-4197
7413
1259
-3887
-4897
-3080
-5180
-4656
-2782
-6055
584
7197
5965
-3015
1055
2666
-6365
-4798
-6008
3948
-2799
-1981
2006
7200
-5496
-7092
6786
2186
-1488
-5141
5146
4327
3118
1026
-6753
4347
119
-1646
7557
3992
-678
-329
486
7799
5255
-2664
-82
3923
-83
465
1275
6280
1769
7904
-3558
3924
2177
3897
4301
5426
-6196
7846
-3879
145
5547
-4402
-4271
-7570
159
1155
6374
-3067
-7484
2505
1590
-210
3076
-5189
-2729
5736
-1788
-7777
7490
-5477
-2735
-5647
-6580
-5073
-2176
3227
-1848
1969
2823
-785
-1824
-7926
-4976
-2900
6837
-5051
5471
2021
1283
4010
1637
-286
695
3695
5437
-2032
-6362
-6138
2850
6870
1468
-4743
-300
4261
4801
2760
1203
1641
-2124
-2201
7010
3420
-4864
928
-1191
7832
4336
-3045
3674
-5266
1067
-2739
-7850
7040
7892
-5124
-433
5346
-1001
-4922
-1282
4122
6334
-7858
1743
4781
-3128
7440
4576
1923
-7440
4979
-7408
-1750
-1018
3576
-7544
-6171
5919
-332
-4579
-5603
-534
-2341
-3455
4223
76
-6536
4477
-5447
4397
-7596
-3885
-5131
7596
-6020
2838
-6027
5535
5282
-3666
6707
2562
1
-5246
6006
-3734
3379
-2995
-1801
998
7718
-3867
-20
-6460
-6280
4876
-1743
-628
-7662
7835
-1241
3073
7848
3903
-252
3884
134
2978
-2546
-1253
-7441
-6918
-6244
-3691
-6633
6370
-7168
-6713
4228
6750
6321
-156
-7751
-7209
-3507
2744
6030
-2346
4810
-6618
-6018
-1800
-1867
5027
-4555
926
6134
7549
-7167
1430
-4171
399
-3134
2970
7692
5636
1648
-7929
4549
908
-946
-3224
-1582
6600
-287
-748
-7582
3990
5910
4349
-1523
1711
6883
6520
5619
6049
-6263
-362
2299
4137
-2175
-2519
-6738
-1565
721
-1145
-7873
-7685
1139
3854
-7561
-5700
1803
6807
-7753
1046
-7962
4763
-6198
-7498
3046
3000
-3815
7487
2068
7816
-5723
-5135
-1799
7708
-3194
-2703
-6342
-627
-4729
-1585
-4651
-5999
3374
436
-6156
-5967
-7660
-2749
-4648
-5067
-5852
-2021
6157
-7529
-5307
-4218
-5754
-84
4310
-6659
-3040
7354
4965
-4847
7257
-5598
847
2192
6565
438
6296
-3408
3927
-2877
724
1299
-2795
-6067
-5462
4076
3833
1946
-6696
2340
5544
7931
-1426
-469
2694
2246
7260
-400
870
-7545
-3664
5215
317
-4099
1878
4942
-6240
-716
564
5106
-7123
-2414
-1099
3905
-1343
1747
7933
-667
-656
-1041
5525
2353
4411
-2567
5159
-1036
7441
-7128
-7041
-267
5325
5127
-3416
-1032
1973
-1380
-4134
2191
4266
1857
988
-6858
-1936
3426
-176
4799
-5974
-974
1715
3963
2075
2591
-2428
-1161
4145
-7258
-5812
-3363
3935
2217
2233
-4375
674
3784
5963
6797
-3824
-6824
1988
-2194
-3675
-1966
-2559
416
6046
4157
-7799
949
-2327
-712
6768
7409
1496
5839
-5378
-3575
4009
7191
-7432
1937
311
3634
-7512
5211
5616
-4866
-2111
-7219
7536
6215
-6478
848
4034
-6435
5682
-964
6616
6845
5815
5348
3511
-115
-6964
-1026
6651
-3400
2898
-3720
6024
-4436
-5095
3406
6072
6684
-7485
5411
-2890
5649
-889
-4179
7242
4624
2048
3839
1344
-2337
1498
1420
-6016
-3201
-89
-7645
6715
-1238
-4055
7318
3982
4519
6080
5883
5693
6603
-2395
3237
-6887
2825
-7418
6966
7723
5979
5407
6687
2854
829
1086
-1477
1013
-1615
4354
-728
-7228
-2151
-530
-5162
-4723
3754
-4252
-3884
-2239
5945
-382
-2227
5370
-2588
6792
-4310
-7818
-2389
2114
2962
1340
2586
6716
389
-1418
-1235
-3076
4640
-5580
-7024
7371
-2563
-6520
-2394
6330
6863
1305
-7987
-1567
1850
1057
-3394
6356
2078
1125
1254
-1017
-784
5717
-7589
7410
-2923
6488
-2716
-7730
-945
-925
-2889
3937
2847
-3039
1015
7048
-5547
1721
7843
-6554
-1664
7333
5489
-1992
732
-6540
-3990
-88
6660
5223
-2779
-6111
6454
3607
1303
344
4719
-5093
2028
-2199
5447
863
-6565
-1917
2055
-3539
-2398
6824
-3498
-6046
2812
-2204
-5682
1794
-1655
-4142
1925
-1103
7609
-6179
6810
-7177
-2254
-3330
-5113
7360
1147
-1837
3467
2507
7047
5130
-4784
3890
4117
-116
-4475
-111
-3611
7648
-3851
2290
-5327
-7076
3256
-3523
3038
5918
-7839
-2178
-281
-1667
-2935
-5495
6070
5539
-1918
-5660
-199
-3710
4001
3380
-2837
-4660
-2982
237
1273
4790
-7869
644
-3798
5961
6712
7732
-1692
-5110
-227
4367
-4131
-4301
6777
5799
599
7615
3825
605
6377
-113
-1759
-333
-2397
-6781
-2617
1491
-4644
-999
-7051
2817
7531
6579
6704
7080
-1830
-3347
3113
-6145
4917
2325
-6467
3445
3041
2135
-4317
7302
4132
784
7231
-2488
4773
-3325
-2369
-2412
6063
310
-2936
5080
3917
6114
2734
611
-209
-461
7867
-3999
-171
2918
-2786
684
1793
7969
-7593
6516
-2051
7612
-7476
7004
-3801
6209
-7666
-3098
3274
-5434
1634
-2260
34
-6118
-3791
-5424
5175
7672
2538
-470
-3051
-560
24
-3634
-6211
-7360
1386
-4495
4894
-3935
1251
-2973
-3037
7524
-540
6249
3457
7159
-229
-2219
-5567
3251
-1620
-2469
-3767
743
2578
3317
6073
7699
-5450
-139
-1584
-6099
1714
-7728
-5648
1754
2728
5441
1845
7541
-2910
3209
4553
4028
6975
6791
358
-2127
3301
-304
1274
-225
-6550
4527
1804
5991
-6128
-6465
-651
-4214
-3731
3832
17
242
-5921
-1916
6045
4827
-2728
-3704
-4783
-4762
3239
-1516
2961
-160
-6178
5377
-5946
-1781
-6038
-2893
-7435
-6285
4505
-5665
-5111
7903
-4805
1759
4909
6132
-4504
-2429
-2752
-346
6205
-5118
7595
7401
-5605
3581
6147
-569
1153
6440
1859
536
-2310
-191
6360
2719
3392
6340
-2146
-7800
-3899
-4462
-4576
4231
-2082
3419
5917
-6109
4442
-4855
-4932
-4413
7772
-5600
-4209
2338
-5606
-1205
4109
-5644
-7549
3099
-3115
1036
5941
-3886
-6474
2243
1538
-4982
-3055
7052
-6056
-7809
1122
-2562
7542
5966
-4684
-6199
3845
-1553
5562
3375
-1451
7272
3458
5180
3233
-2625
4571
3728
-4863
-5564
-4573
5274
3403
-7649
4955
-6286
-138
7
-4519
-1122
7155
-1757
6739
289
-4804
-3490
3348
-6529
-2002
-4251
7397
5326
-3102
4702
461
3970
-6036
5622
-2948
7715
-4810
-5393
-6103
1959
-1092
-923
2945
6310
-3530
-2718
-514
5341
5084
6868
2932
1372
996
-1246
1417
-7852
-7995
-1614
-3144
-620
1935
253
-5264
-5608
4700
-639
6653
-6677
864
5242
-6603
7954
-4623
-5306
-7154
-6404
-7304
-7557
-1302
6621
-3748
5120
-5873
3632
-5404
6941
-595
-5115
-1762
-4585
3743
6213
4041
4468
-2307
7505
-3138
-4427
7234
4638
3653
-5431
-7950
-6275
7635
-7746
115
3820
4340
6799
-5358
-1710
4495
-6645
-4956
4124
-6468
4227
-4106
3588
-933
-2700
2142
-1732
3878
304
-1274
-4887
-1843
-7193
-909
-2014
-2229
-4487
-6246
7907
6625
7349
-3733
-7006
-234
5888
-6332
-2424
3412
6986
-1443
5845
-3213
379
-7978
-7526
-4308
4949
7583
-2672
1775
-308
-6495
-4683
-5426
-1473
-4088
-3908
5611
3868
-7925
-5211
7447
-559
-6098
6149
-4954
-5959
7737
5065
7246
-3820
6153
689
3442
3535
-1174
-3227
-5412
-2454
195
-1856
7226
-3817
-3291
6095
-6763
4313
4603
2065
3793
-2012
-5551
-4507
-1129
7930
-4172
1260
-7261
-3497
-5611
-6732
1766
-2393
4473
153
-2091
28
7687
-3948
3527
-3036
7249
-7998
-4155
-7110
-4931
1874
-523
-3020
-5089
7402
-3132
2250
6422
-3424
278
-7481
-1972
7809
-6590
-3940
3397
-914
1490
4341
-4984
-7807
-2564
1865
2443
671
1085
-7292
-5492
-4211
-2132
4178
-1606
6082
2798
3813
1324
-7904
-7696
2270
5786
6538
2724
-5230
4910
2504
7726
2768
3320
1828
-3898
38
4121
-1023
-6700
6121
316
635
-813
5680
6446
-3968
-1375
-6773
7652
5577
-695
-3025
-3361
-4243
6846
-7848
-366
-4902
-1758
-3992
-4339
-1119
2426
245
-5382
-7505
-4276
1376
-5811
-4741
4557
5317
5391
-1204
-2827
-3790
-4279
7852
1370
5521
7216
4670
6207
1853
-6141
-4738
6834
-4596
2859
4941
-5068
-6261
-823
-3342
3700
-4898
5524
7650
1421
1053
1105
5659
-5588
-5158
3744
7972
5439
-2545
-5685
5123
-1038
6499
-6470
-2363
5621
526
-7947
1433
-103
4946
4081
802
2782
-6728
6392
-1341
6981
1288
2894
102
-5874
-7019
-511
7605
-7824
-940
-4283
1725
-6370
4093
-2288
5690
-7335
6472
-5152
-6506
7165
-3146
-1049
2757
1889
7449
7466
7582
-7376
-4216
-1335
-7626
3452
162
-5709
143
672
1326
4451
5725
-2987
2248
6325
4778
4410
1957
111
-6510
-321
7091
-5783
451
185
4918
-5787
7007
-5389
5761
6336
991
-4410
-7909
5798
6677
1191
-2972
2952
3305
-4186
1366
6775
4474
-3705
7872
4970
6713
321
-1583
4487
6531
7081
4383
-1210
546
6623
5923
3363
-7269
6551
-5270
-1383
-4921
-7162
3860
-6197
5233
-3436
-3896
107
-1862
5177
6758
-3967
-1185
5425
5867
-6324
3218
1609
-5989
-5401
1435
-4781
-571
-2409
-3985
429
5427
-21
1176
-5831
1961
-202
7199
-4581
-932
-6572
-2081
-3888
-4543
-5108
5444
7942
6102
-1493
-4727
-5236
6900
4480
-2281
-4605
5820
-4467
3277
-3991
2789
4403
4764
-7822
6841
2238
861
-6160
5911
1416
4192
-894
7862
7677
-2303
623
-2460
2319
-3094
-1979
7719
262
-6457
1978
-2047
-183
-6430
1886
1787
6778
5886
3360
3482
-2392
6970
-1019
-2724
-4167
594
-1452
6905
-5470
2915
6612
-2627
-998
4306
-120
-1125
2629
-265
7585
-7801
4754
-468
-6822
-603
-873
-2372
490
1287
5633
4447
1763
-5977
3980
-5315
2996
6618
-1903
-7881
-5625
1764
7941
6181
-6879
-7044
4345
5887
6354
-6295
6299
2156
-7148
-4187
823
3713
-426
7129
-1519
-3077
7606
-5786
3908
4642
7908
-3404
2119
-5116
2180
-1767
4440
-155
-3856
-529
7400
6432
665
5454
5321
-70
5992
-2516
7255
7215
5770
6706
-2342
3116
6601
-2967
4731
5324
-334
-4854
6152
3898
734
-2157
3195
-1761
-1206
-978
-863
222
7665
5189
-129
2602
1879
5155
-4395
3389
-4342
-6750
-6206
7842
6721
2764
-1345
-4604
5388
3012
-6635
-5416
5116
1039
-495
-5027
1528
7831
-6826
-5079
3357
5291
-5373
3637
-4154
-5387
-38
2000
3487
183
7212
-1120
-849
5800
-2095
2029
-1079
-2401
7145
-7843
-3198
4216
1777
6751
39
-1776
1813
7380
-2815
-4797
156
3143
-7315
-7555
6567
-4792
7712
7280
3333
-5164
-3647
7594
7804
-1513
5357
5156
-2153
-3669
-905
4483
-374
-7507
-3797
4438
4841
4488
5491
-826
-6719
-1258
-6426
3541
-4426
7355
2610
1006
-553
-4808
-6583
-751
-3156
-1601
3003
596
-4715
280
-2659
2525
7597
3463
3559
-7367
4669
1371
7624
1235
226
-57
-1666
-631
-1787
-6232
1239
-3488
31
364
1441
-4050
2349
-2533
-1677
1657
-4137
6211
-2224
1929
2997
-7319
-2521
-2847
3551
-1425
1658
3123
-1573
-1278
-3318
-3960
-7833
-1993
-1322
-5617
-2605
-884
-6501
1225
5300
-7531
-589
-4875
-2407
-3808
5912
-4385
-1352
925
-7968
3045
-3176
7895
-91
6074
-1997
-7719
-2125
7976
-1502
-7618
-2710
4513
6748
1377
-7745
3498
-5499
6887
4886
-6525
2917
-311
1289
4494
3030
-2351
1032
5794
-5243
-7431
726
4078
-4143
5023
-7756
1839
5406
5584
3285
3960
1512
-7700
-6762
-4669
-6006
-7659
-7053
1938
-7603
2637
-5609
-772
-5535
-1783
-6373
432
-4086
4422
6362
3888
-4746
-1975
-4463
-154
-7637
-6663
744
-1402
-1868
-4177
2034
-545
7995
-5816
-5607
1379
5239
-6798
-4541
6000
-5505
2144
-1140
-5059
6552
-6085
5687
3388
-3812
-3217
421
692
-2062
-356
7639
3571
7717
-5556
-1242
-7152
814
607
-4933
4224
-3938
1204
-795
1001
-4571
-7964
-4800
-2064
-299
559
-5740
-7326
1175
4335
7426
1531
1290
1012
6131
5657
6727
3844
-938
-2344
5775
4751
4169
-2875
-1006
6373
2207
-1436
2594
2699
2236
1708
6239
587
-4011
-2207
5958
-2838
1539
-5133
-5766
-2057
5826
-3732
-4957
2890
-4302
-3267
1022
858
6532
4720
3435
617
4814
-358
7879
-446
-913
-237
5880
-3568
-4432
-4592
1331
3287
6055
-5739
1832
-5459
675
5790
6228
7110
-5869
-6454
3370
-2233
-1392
6581
-6033
-1141
4789
6916
-1537
3466
6858
3521
3704
7057
6932
315
-1020
1030
-5620
-6042
-3995
-6238
-2100
-2451
7878
-1764
-1072
42
147
-2638
-6126
2321
5449
-3349
-2457
-2645
-892
-4194
-3875
7912
4043
-4671
6366
-3174
3060
-2193
-3003
-480
-1399
-3467
-7347
-7013
-4642
5066
-6328
-5799
-956
-3582
5576
7670
-16
909
1934
-2356
5928
527
4087
4785
4356
812
-1693
7090
-7628
176
5987
5410
-6573
-95
-3480
-3499
3496
-4372
2288
5086
6691
1556
4904
2118
4550
-3901
2794
5166
651
1687
-886
4190
-6579
6937
1096
-6256
-6723
1688
-314
-638
-2639
4011
-5483
5018
3603
-4117
-5546
3838
-6071
-5851
5874
-2924
-5350
-5490
-4545
-831
6790
-6417
7285
1530
-1489
-7197
1361
-3298
-6375
6854
-3370
1025
-7279
7100
5259
327
3164
-7831
-6247
7276
-475
-385
3423
-3953
-4206
1443
-7959
-6212
-6803
5151
5737
-7176
-2509
1240
-931
-2026
7227
2657
6281
-235
-6711
82
4057
3587
1873
7384
-7913
6634
-14
135
-791
-5969
1945
-3518
-5630
3517
-2186
6124
-7181
-6621
-7595
4587
2856
-5986
-3730
2685
3480
-4253
-7312
2276
7190
2808
1616
-162
2557
5382
-3623
-2621
1511
5710
-6271
-3143
-6884
-4608
804
5631
4497
-7017
-634
4374
-3744
6120
4294
6627
-6632
-1908
5651
2630
-2463
-2758
-3562
6050
3270
-1881
-1805
4024
5787
7604
4514
5475
3975
-2937
199
6829
6122
6934
-1645
2861
-1453
-5979
-4939
-1398
-2568
6470
-3529
-5753
7573
-2841
4063
-3536
7417
5235
-5632
-7901
7629
-3089
-6
2497
-7140
7177
53
-5250
-2270
7209
-5293
-429
-2371
6963
-7932
6155
-5312
-1647
-6756
3273
632
-6637
-7862
-6571
-7591
-3834
2218
-2255
-6484
4489
-7857
-2138
1073
4229
-5342
-3261
6388
1422
5676
2008
1004
-2321
-5385
-2620
-6175
-732
-5782
-3433
-6629
7008
7602
-5030
-691
-919
-4878
2793
-1194
-69
-5785
6272
-2073
4990
-2737
6469
-5360
-2352
-3017
-3721
499
-6998
-6089
-7122
5312
66
5319
-4821
-6024
-4014
-6915
7622
-4755
-7446
6292
2020
-3814
-7056
7940
6957
-5318
4847
-2231
-3033
-2041
-5486
7506
7074
5284
-1479
193
-94
-5376
4651
-353
-428
-3628
4510
-897
-7163
-2090
1197
-4397
-2311
5247
-7975
-7919
-4058
-1641
3611
244
-1768
-1081
-1133
-1648
-5949
-277
-4361
2297
-5616
2963
7429
-3141
6655
-5215
7709
-4776
-6389
14
-1458
-1554
-4615
963
7102
-661
6588
742
-967
-3417
-3023
5617
7806
-7131
-4450
-2579
1119
-64
-5267
-834
4501
-780
7956
5978
-381
1647
6189
312
-1904
-6758
-409
514
7592
5105
1600
2009
-4266
986
-3822
6657
3187
1298
-3008
4518
2280
-3782
2958
1448
7516
6295
-4705
-5218
6610
-7309
1636
-4183
-3759
-4609
-6772
-3447
4369
-4334
-1497
6692
1058
7241
-3911
-7252
6686
-689
6835
5000
5520
-6644
-1405
-399
3671
-5593
524
-5978
7860
2691
-6309
4531
-3264
5976
7037
-471
-2340
1785
-7771
198
-3538
7330
5220
-4147
3625
-2038
-4350
7472
3378
-5497
-7552
-1455
-6853
1757
3577
7684
785
-7867
3082
3563
-2096
-2722
4130
-788
1748
-233
7827
1801
6085
3742
-2688
6246
7771
-4749
-6331
2912
-3662
2373
-5708
-6185
-3105
-1233
1136
4181
485
-4645
-7703
7294
-4639
6817
-1765
-7554
-5698
-2349
-2054
7701
1733
-3443
-6278
-3431
6171
5026
-810
2535
-5848
-7285
-5338
92
-6902
1868
-6991
6644
-7912
-5480
-7008
5984
-3009
-230
77
-6035
-4634
-7047
-6301
-3626
-3514
7703
-7107
7828
7313
-347
-6462
-1297
-1181
6254
-6883
-7458
-1110
-7141
492
597
4089
-1486
6490
-7492
2366
-4265
5038
-6769
4225
-535
460
938
3885
1440
1295
301
-5581
-3559
-1994
-5666
306
-7851
285
3037
-7648
-1810
5531
-2944
-5694
-4063
1599
1931
4981
6176
-4013
-52
-7088
2327
878
-2209
-6926
-499
-1902
7545
2093
1862
4385
-2031
7305
1051
6151
880
4569
19
7590
-106
7045
4650
6042
-3927
4019
688
-7473
7955
-901
-221
365
-3171
4718
-5454
-5990
2853
1121
764
3171
6035
2583
-1051
-6841
-5096
3730
-1444
-3855
2707
-3192
-759
3186
-546
-7832
-7094
-3535
6688
4927
1148
-3181
7910
1111
2925
4387
-2610
2016
3184
-6661
4433
-6230
3764
-5906
1309
7838
-4269
738
-3018
3663
-1829
2140
960
-5217
-7406
4134
7495
-5997
-625
-4742
3706
-7002
-5272
1752
5748
2363
4401
-1117
2433
-6932
-2635
1476
-6566
50
3762
6185
-87
-6253
-5534
-1317
-835
-1071
6173
-2733
4568
-3269
6107
2014
-5802
4933
-2066
-2706
6519
3297
6811
6976
6646
-5071
7951
-2906
2722
-1485
-7349
-1772
3047
-1820
-4470
-4489
6632
4125
1066
7475
4521
-5704
7565
-3726
-3226
4694
18
929
2897
-1412
-5212
1172
1495
-7083
-6412
6903
-1059
-1794
-5177
-6793
4802
6764
-4003
7328
-2800
3629
1596
-1052
-3208
-4502
-6273
-711
-3517
7396
7479
-4532
-4474
7598
-5082
6230
-3250
6331
-7150
6983
6666
-5153
7492
-7375
586
4318
-7332
1790
6988
-564
3705
-3474
-6119
6350
2057
-896
5704
-5514
5289
-3172
4008
-5769
-172
-3864
4448
3474
7068
-6213
-7266
7800
-7636
-3564
-369
3495
-6371
-4510
2703
951
-167
6530
-17
-128
-5985
-3441
4558
4240
-6068
1194
-6600
-5299
7104
-4105
7539
6593
-5879
4452
-971
-2202
-5420
-4550
-383
-1529
214
4282
4428
2457
6144
-4254
5782
2091
-5634
-3516
2689
6117
-2405
2543
-2283
4929
-5274
3777
-4829
4509
323
2058
-5775
-7853
5145
4421
7888
-4524
3732
4232
3401
-5463
-6874
-6714
-588
-2348
1315
-2933
2161
-13
4733
-4780
5550
-2477
-1127
-1560
7685
-5048
-6855
2277
-4173
993
-2593
491
4675
2619
7353
2382
1142
-5311
-3963
-457
3493
-6215
373
5068
3455
-2992
-6646
-5391
-5383
-1221
7094
-2065
1789
6091
-7945
7714
-2080
2431
1941
-6977
-6923
1400
4095
-1456
7812
4791
-4168
712
1909
-3788
-7523
3920
3553
7187
-1864
6025
434
-5774
-5219
-6293
-3533
3262
3734
7258
5745
554
-7798
-4002
-2253
2785
2077
-7333
6622
7651
-1094
-1286
-1679
-322
-2888
-2732
6590
-1447
-2971
2212
-4687
3290
-7294
2773
1800
3805
780
6694
-7614
-6905
5730
4984
867
-2977
-3794
-1289
6501
7679
-1733
400
-4484
-238
914
2548
7515
7030
-6771
7642
6526
2651
-6146
-352
5709
-6741
-3004
-1202
-3410
-5562
-1222
-6157
4901
-6829
-7072
4982
5112
2130
1650
5515
-3079
2807
7387
-7308
5803
-7009
-1534
-1301
-6002
1029
-2705
2508
-7825
-1300
-3804
5378
2387
4104
-744
7510
-5190
6198
98
1834
-2633
4749
-3086
4596
2031
-1790
5432
-3715
3077
-4589
964
-6948
4537
-1472
7562
-942
-1872
-615
4555
-5659
-3854
-6356
-4777
6865
-5813
-2056
-4534
-2119
430
-3616
-2094
175
3200
-981
3538
-2093
-4481
2482
3366
1984
2112
2017
-2019
-2651
-5618
4191
-6151
-5042
4767
5330
3830
-1988
6761
6639
6942
4632
-6582
-775
4194
3246
2796
5591
2924
-934
1439
4084
736
7311
-340
-5415
-4200
2580
3595
6
-3029
-5809
-7456
5670
6148
-7588
-7249
5238
5277
-2169
-318
6109
4381
781
-674
-870
-4025
-1598
-5904
-3357
281
-7307
-7405
4855
4782
-245
-6209
3582
-4653
6263
2692
1827
-3031
5751
-7101
7304
-44
5206
1442
484
5043
7432
-1965
-4691
-2614
-4067
-6114
-4818
4971
3148
-856
-3191
-5029
-1551
-401
-7022
5229
-1147
-198
-6078
-7465
5529
2113
6569
-4778
276
3518
-3673
-6720
-4763
-5521
2509
1858
4317
-1638
-6655
1954
-2760
-5819
4423
-1318
4868
-6662
-5156
-1996
-2804
7406
-6483
-1720
-7254
233
-1526
1870
3010
1824
1567
2741
3984
1395
718
-5351
-4641
-7934
-125
-4409
4850
-5826
7572
1844
6031
1410
-7179
-6060
655
-6913
5953
2704
3393
-6386
-3981
4211
6549
7884
6548
-5254
-1653
-1211
6826
-4942
1741
5793
3089
5853
4184
3806
3516
16
2632
-3290
-5491
825
-7079
5796
7459
2607
633
174
5847
945
2187
5500
6641
6408
-6648
5313
4322
-3041
6489
-2072
4891
-5791
-1524
-2459
1970
-6765
-6830
3191
-6851
-4817
-3090
-6307
6568
809
-3989
-798
837
4054
2558
-3272
7240
2245
-3442
7352
7540
-3987
2914
2038
-3998
431
-573
7019
7361
-7540
7006
-5876
-2298
7325
-6862
-1980
-5080
2051
-7000
6379
-7997
7416
-6631
-6834
-5545
1375
235
6364
4546
-6044
-5854
-5240
3855
3939
4573
3649
-1004
7220
-4601
2835
2182
1942
5022
5250
6926
-7710
7600
6435
-1665
-1503
-4275
5702
-7692
2269
-4917
-2792
-7542
221
1989
-5640
3636
-5765
-5773
433
-3719
4476
255
-3912
56
-5795
2295
-3195
1952
-4616
-5132
-2584
160
3386
1307
3261
-4892
-2969
-2198
-5314
-6660
-4820
-5893
7764
-242
-2798
-7921
-5910
-6594
-7081
-4223
4370
7980
1473
3780
967
4394
6699
-1027
2717
-1442
-6399
-5451
6585
-2263
673
4114
4059
2076
-5444
-812
7953
5688
-943
-3220
1256
3166
5231
6298
-1910
4907
-3229
4843
6816
464
-1336
4390
-2104
1457
-5865
-5669
1045
-5261
-6503
6537
5041
-7922
3502
-1261
606
-2616
-7678
5452
7347
2311
-5165
4961
-2333
4869
2526
-25
-5435
4529
6317
667
1328
32
271
-5631
7096
-1248
-5346
4395
-3038
5808
4022
-2320
4430
-2604
-1371
-6517
-6217
-5468
-109
-5868
-2953
1560
-4066
7238
-4544
-7534
-2024
1243
898
3821
5914
5045
1167
-957
7496
6460
-5565
-6875
7934
-3861
-2089
6502
-3924
2990
-4124
-1224
-24
-6854
3168
-4655
-2468
-2582
-2528
7065
-5779
-2812
-7538
2733
6214
5464
1765
7613
-1423
-7341
-1586
-3158
1358
6217
7262
-5970
-6168
-4256
-6638
1215
3291
-2926
-1135
6796
-5656
-2388
4376
2953
1719
4883
-6780
-7064
-4084
-3002
5102
3575
3159
-4035
-3323
-4075
4018
4805
4866
5645
-6627
1562
5986
790
-765
6652
7924
4365
6054
1864
-4101
1608
-2497
-3693
-7724
-3670
-4835
299
3907
-4529
1981
-7695
-7104
-6041
-787
924
-496
-4259
6895
-3026
-654
5056
-2677
-6091
-3042
292
731
7323
-1721
-854
-1494
940
-6872
-7610
4062
-15
6449
-3121
141
2011
88
2275
4885
4612
-3304
-5226
-1978
-7119
-1250
-2723
3332
-696
-6924
7061
-7870
4382
-4352
-215
-4483
1432
901
2582
4556
-3639
-4038
-4414
4849
3460
1069
2739
5753
-419
-7117
7746
-4903
-7792
-5173
6078
2121
-3783
-4802
2249
4073
-2068
-363
3341
5252
-3581
-193
-4659
569
-7944
-1030
1397
-3147
-2821
1542
-416
-2464
-6518
-6587
-6676
3399
3894
-5576
155
821
3906
-3376
-2265
5742
-2490
130
-4404
-2494
-1922
-5399
1458
-1931
-4992
188
3570
-1826
-5905
2206
2214
-243
-7765
-3111
3542
-6673
-7598
5572
-1780
3972
4611
-4364
7228
-5932
-4819
-7170
5351
-6288
-6971
6477
4138
7244
236
7378
-4478
6718
-4204
778
-659
-6576
747
5752
3014
3126
-4950
-6651
7938
5592
583
-4227
7960
-594
4436
-2895
-2963
3590
4083
-1215
-6821
-2690
-6992
-34
-1570
-3032
7729
-1116
-761
-1048
-731
-7248
2094
4833
-142
4199
1553
-3652
6021
-5326
-7423
3415
287
-1136
893
-4152
-3427
1700
-1574
-5018
4159
6675
-4928
7012
-1604
-6835
-6764
2709
-7059
-3340
-2052
5939
-1063
6002
6850
1346
4264
3042
6297
5200
5327
-7752
2152
-6136
6913
-6272
3145
3681
2551
-4097
4459
-4087
-2421
-1061
4222
1670
-5695
-4353
6395
5949
2117
5218
-5980
2716
5228
4852
1836
7317
6731
-3074
-1309
3485
-706
-5356
5703
-3344
969
-3761
2655
697
763
5538
-3215
-4807
5207
2665
-3723
3726
-3473
7254
-4045
2143
-4567
2266
-4505
7988
6476
-2618
2736
-1884
-3505
2609
-3525
-1433
2954
-597
2174
1735
2559
-1203
-2793
5720
-2658
5639
-3005
5711
-192
3324
-7334
-3727
-6341
2062
3826
-1481
-1391
5951
6766
-4782
-492
-63
7120
4859
-1098
-3071
1429
4870
-2465
5446
7124
3953
1783
-5302
-6509
2036
-2691
-1247
5458
-2243
6306
5929
-7669
-2759
-4040
7514
711
-5105
-2053
-2991
5564
1076
-5169
5376
-879
-5370
-3275
1405
1515
3300
-7709
801
-950
-2968
1054
7973
-5058
4948
-5384
1117
-4595
-1287
5054
-4110
-7806
4786
7756
5375
5208
7711
-3883
-3299
4069
238
-1478
-7604
-3397
-1252
4890
-915
751
-4759
-982
254
43
7150
-4733
2860
-5871
-7295
6105
-2391
4126
7468
-1702
7564
-5702
1710
-1193
-2873
-6455
6556
-2067
4288
-2816
719
805
-4960
4262
-3012
6127
3875
2900
4278
-7859
-6604
2725
-3503
-282
-7161
-2909
205
166
-339
-7924
-1892
-1811
7922
528
5187
-3315
-3129
-6408
-4362
-301
6535
1917
636
773
2398
-7769
4696
483
4355
-6017
187
1593
3173
3108
-4458
3852
5197
4836
-4033
-6819
-4689
1245
-3740
7188
7645
2322
5046
7356
7527
5628
5469
4210
-838
4925
355
-297
-5271
-4212
6169
248
6921
6571
-6528
5042
-6311
-6630
-6567
7662
3991
-3464
243
-6725
-4803
4389
-1439
7467
-7880
-2085
4046
-2118
-580
-2754
4342
5158
2365
2441
5257
3914
3338
2467
-5479
-4747
-4112
7693
-2914
-3364
5359
-3236
-1589
-737
-1480
5332
4911
-4978
-3688
7327
-4095
-6563
-4401
1271
7158
-2015
-1461
1364
-4108
-4090
3430
4906
256
-3685
1712
-7794
-1468
-1073
2848
-4164
3546
6620
-7761
-3839
-1798
-1033
6381
-6239
-4985
1516
-1386
-2179
5481
5762
308
7937
-4948
4884
3208
6275
3080
3904
-5072
4174
3005
5003
-6218
2202
5185
687
-6914
3230
5666
5652
3555
-2501
7676
-3881
2403
-6405
3499
-7469
1750
5811
-607
-7438
1318
-1724
1356
2188
-3785
2552
2171
-5045
2235
4239
-6479
5287
5264
-7424
714
-6355
638
-2315
-6096
-7411
-1920
4964
4817
5074
7747
6385
4517
4128
-6976
6259
2292
-5102
-6184
-7065
7840
-4734
-5815
-2822
-1256
4972
-4422
-3860
-7293
-4834
4708
4498
-3905
-4636
-413
1713
3639
-4274
4308
1690
449
-6144
-3389
6047
7243
7423
7035
-6981
-223
-5112
919
-1522
2384
-6898
1182
-2985
-4079
-342
417
2173
-862
2950
-2681
-776
3901
5267
1966
3157
-965
6927
488
-7132
-6967
-2115
-7449
-3742
-6691
7174
6308
4293
-624
6892
723
137
2364
-6327
-4007
4246
-1578
2139
3204
-6431
1494
-1686
1047
-2750
5140
5920
5769
6859
-1694
5473
-1331
3836
-5566
-6237
7574
-1179
-4314
5797
-5295
-5309
1253
-5810
-4654
2414
1577
5445
3880
-5756
-2580
-1165
1156
-6421
2546
-3149
-2358
5970
-7838
-2292
3440
4563
7020
6954
7033
-228
-2305
-2765
7733
2150
3062
-888
-3135
6781
-5406
-7145
2084
-1897
2784
-7976
2904
-3049
3421
5316
-2925
694
443
5199
-930
7421
-1877
-1220
3175
2682
1691
-410
6744
-4030
6320
-7841
-6701
7625
-447
6914
3483
-1354
-2262
-3406
6690
1651
6060
-6844
-1716
-640
-4539
-7624
2949
-5539
-316
-904
4140
531
-2843
1258
-5923
2251
-5467
3941
-3454
-7877
4463
-4899
6240
3456
3056
-1102
-5549
-7096
1456
-7057
-3904
-2027
4033
4213
-6737
3087
-7201
2495
-5510
3192
846
2520
482
3211
4003
-4537
-5328
-5388
-42
-3459
-2313
2428
6396
4368
4932
4277
-3116
-5861
-5642
-3078
329
-832
-6869
6813
5838
3683
-398
-5747
-4620
3790
-1602
2416
2931
-6836
733
-6831
-6493
1575
3574
-2882
1730
-4403
-6360
-5109
3028
3797
-2103
1811
3608
-336
5380
-1441
3106
1543
1365
-3598
3814
-5940
-1417
2359
4783
3092
6282
215
1184
1484
1944
5655
-7273
-7310
5121
-3772
7694
-2866
7169
-3796
883
-4643
-5900
-3690
-3066
1835
3662
-7012
330
-4841
-2235
-1847
-2267
-3956
5381
-6318
-427
2921
-2040
4321
-4672
86
-5935
-1701
6481
-6352
2294
6547
3628
5513
7236
-2622
-6333
6659
5514
7140
146
5861
-598
6496
5150
5266
-2033
-5007
4281
-6120
-6687
-1982
875
6126
-2480
4164
7820
1160
6200
1522
-2696
-5882
-5962
-4717
3225
549
7890
-4910
3864
5006
6793
-6074
-6598
3558
-384
-1465
-7242
-2162
-5248
-97
-7878
3032
-3635
2839
2638
-2213
-5901
7224
-4572
3224
3942
-3936
3787
-48
-1612
1622
838
1856
-677
-3876
3220
-7286
-3092
-3551
-5837
5019
6083
-7770
-6777
-4649
46
5012
-2008
4856
7952
2013
196
6210
6961
4726
-1384
7513
1020
3441
-6745
2446
1646
-5025
2883
7247
-6153
-4236
7537
-1284
4258
-4670
-4907
-1713
6186
989
-6956
7182
-3366
4230
-587
1151
-7652
-3461
1860
2828
-2726
7455
5063
5372
-2682
-4326
-7040
-5760
5328
-5392
-6383
995
1605
-4766
15
2072
-803
1248
-1928
-2860
497
896
-6260
5438
-7048
3869
5153
-12
7696
5936
5893
-1841
-4754
-7931
-5066
62
-5627
-3750
3074
7286
1270
4197
-2116
282
7865
2167
-6372
6818
5934
6162
-2653
5566
2199
5401
-1924
-4193
-5214
6991
7013
-6007
-6058
4795
3678
7069
-4160
-2495
-2864
1843
3432
-1700
1183
1773
5486
-1538
-5626
2430
-5716
352
6875
-7562
2195
-966
5466
-7876
-3593
-6882
-5674
-7969
-1047
5806
-3232
935
-2769
3552
-4895
-5920
-3588
-4370
843
163
-2326
5877
-525
-4736
1521
-972
4280
-1857
1652
927
-7503
-6535
2592
-717
5783
593
3554
-5777
6447
7603
-2783
-5688
-906
-1445
-1463
89
3278
5457
4267
-397
-5724
-6522
-5222
-3630
6637
-7305
6974
1523
239
3977
-2684
-6684
-3939
2870
5602
-687
4360
-6164
3739
-7754
-5678
-1304
7580
-7890
6139
-5256
3245
475
-7303
150
-4627
5114
2408
-1535
5139
-5938
-6657
-255
2533
-2941
3265
7666
-2205
-3612
2153
5907
7111
-1178
1685
-5078
5421
7178
-3451
179
-5749
-2904
-7327
-5157
-1587
6842
-1968
-4425
-2768
-6300
-2402
-6191
6510
-2455
7443
-7574
-3933
2155
1311
-2381
-3789
140
-890
-7265
5895
-2581
-2514
-7734
-6304
-6916
-979
-7395
3947
4131
2656
-7389
7149
5678
5764
2001
202
4319
-2996
6780
-4658
2346
-6591
1631
-7974
-611
-7121
-3053
7883
-6079
-6955
1408
-5019
2410
3945
2166
6075
-1682
3856
5226
-7727
2196
-6555
5385
360
-7581
-3970
-6664
7553
5279
6452
4806
1899
4465
-4415
4419
567
4839
5545
-6783
-7970
2573
6615
-3751
-5880
1586
6257
905
-6885
-3240
5333
-1619
-5333
5518
879
872
266
-7208
-2727
-958
-4207
-6154
5203
-2661
-2966
-6620
5685
4392
-3475
3382
103
4680
4398
7797
-7422
6866
4831
-3426
3610
-1366
-3816
3331
-2578
-763
-2894
537
2824
-4341
-6965
169
-484
-4624
2645
7695
-3654
-4363
-3553
7461
392
-6053
-5065
3086
-2432
-4721
-2050
-2975
-3846
7419
1352
616
-7864
-2088
-6475
5594
-6946
-4434
-1610
-1766
-5722
2329
3503
-7894
3870
3818
-7612
-5719
-708
7874
5706
-2461
-2210
-3880
-5684
7130
-3890
2147
-6584
4945
-6228
7724
1698
-3093
-5860
-1420
471
3061
-4879
3829
41
6266
-1296
657
2882
4615
-6069
3104
7097
2986
-7823
-3085
5795
-6193
3938
-1536
-6561
6554
6231
-792
1369
-1592
7899
3488
5689
-2915
113
745
1809
-7732
1640
3075
4995
-5639
-3110
6924
-1251
6673
3971
4283
7808
-312
-359
-7174
5943
-1365
-1939
-5877
1003
2570
5551
1168
-2851
4621
-7272
-5658
-3087
4162
4050
2069
7727
-5808
5805
-1779
3598
7431
6500
-3343
5744
-1334
-5094
3967
-7647
468
-4758
-3324
5499
-2226
6525
-477
7847
-161
1540
-2259
5714
2983
-7203
-249
5653
-2921
4160
-3351
182
-3903
4351
7054
1218
-6692
-5143
-7387
6426
-1283
-632
7509
6236
6524
4467
4744
-7668
-6063
5971
-2249
-2830
7173
7101
-1659
217
6679
-4522
-4565
845
4793
5288
-3381
-1070
1436
-745
-2857
777
-5446
-5128
6253
3372
-3926
-2930
-4351
-5310
6919
7152
-5104
-6945
3048
47
4908
-248
-6877
5039
-2373
4820
139
-430
6318
-1414
2891
-7240
4061
2148
1838
-3531
-1989
3593
-6052
-6117
6740
3978
-7215
-2788
3779
-4102
-3599
-2746
1186
-3321
-4447
-2867
-4320
3001
-4923
4158
-1964
3533
4657
-3914
-3994
2981
-518
621
7861
-1404
-7055
-4508
-7358
369
6560
1885
650
12
-7982
-7120
-6876
-182
-7902
-2738
-5084
7095
-1201
-3663
-5166
-6395
5993
-2339
-4307
-3853
-7388
-822
-1907
4305
7489
5394
2465
-7502
4180
-6100
2413
-5475
4203
-5917
-6774
5648
-6519
5005
-4556
7882
-135
-481
-2329
787
-1499
1660
6412
-3506
-758
4453
796
6573
354
-6794
6979
7265
4525
3150
7154
1742
7523
-7863
4589
4593
6878
-4846
7778
7404
-7960
4332
5519
-4019
5834
2889
1099
2435
2878
813
-3219
1706
2845
-3636
-1421
-1825
954
-3337
-2419
6785
2376
-6917
690
-3770
-3546
3425
-1603
-3874
1727
1027
7016
-5931
1437
-2887
3190
4460
892
-4607
-5229
-4457
7485
-4198
3976
-3737
-6025
6782
-188
-610
-2802
3889
-6619
5485
2589
941
-6823
1977
911
-7984
678
3464
-5570
7525
-1852
3310
2074
296
40
-7565
-1956
-2865
-4021
-6527
3250
5574
-7687
2063
-5806
5625
-1940
-4444
-5125
-1168
-2591
-6861
363
5990
-4441
3088
4736
-5281
-5305
-3560
-5544
1214
-7216
-7407
6589
2842
3594
3716
4284
6069
4888
-4473
2639
6415
7654
-3573
-7362
1892
-184
-5439
-6473
4577
5662
-7811
-3873
-2450
7458
7064
6990
3709
5604
-694
-1699
-4034
3591
-6452
1514
-1239
1768
6982
3647
-864
-1967
-119
6608
2231
4032
-3127
-7699
-558
2355
4776
4747
-1126
-5732
2040
-1937
4723
3095
-3561
-6420
-1431
-7366
-7420
-1411
7784
5946
-1517
1126
-5466
-5553
5605
-3233
-4629
1995
4129
-3795
-4693
1673
-5726
5607
-2741
-6941
-2302
6261
5034
2120
-7629
755
-4716
270
-5624
-3054
-7702
-2922
4590
7315
-2380
-7781
-133
2086
93
7968
4055
4484
-7701
6369
-1668
-4120
2259
-5081
2124
6316
-3155
7754
-2160
-952
1552
3620
-1657
403
772
6178
7857
-2418
1576
-7884
3635
-2347
-7256
-7815
3802
7075
-4517
-296
6664
7293
-1999
-5204
5320
5565
-5347
934
5178
3985
-6871
4377
3550
-4740
3842
4045
-6767
-1277
-7518
1483
3330
6876
3177
-3061
6619
-1778
5563
3996
2688
2132
-575
-3314
1664
3023
-3016
7219
-6813
2336
3154
8000
476
4352
-3399
749
4600
-5590
-3122
-837
-7373
5308
5286
-5712
-7225
3644
-5511
3215
-6225
-1109
-760
-2870
-2698
-4590
4952
7343
5781
-2189
6720
608
2080
336
797
3018
-7159
252
-7530
-1855
4613
-5883
-2852
7427
1869
7156
-7579
-6022
-35
-7789
-6930
6578
670
-4022
-1385
7520
-1113
307
-4688
-7774
7787
-6081
-7049
-5137
4204
-1515
-7985
7339
455
-2006
-1280
-1388
2747
-93
-1821
1061
-7796
-2360
-3398
-3088
-764
-1389
727
-2075
-4205
-5083
-7351
7474
-4149
-4673
230
-5291
-4331
-1163
-3988
-6082
100
6255
5069
-2998
1332
6251
-2440
877
-345
-7860
-733
7628
5739
-4203
-593
-2853
7501
1000
1084
-394
7312
6429
-1128
2686
6351
1734
-4073
-6433
-5677
2956
2474
1407
4826
-7474
-3605
-2999
463
7222
-6538
-7363
2755
4029
-6321
-6807
2849
-1525
4446
2499
-472
6079
4788
-6499
3828
-2805
3448
-3645
-4520
-6990
-5794
2959
-4337
3822
